0.000000000000000000e+00,0.000000000000000000e+00,3.000000000000000000e+00
1.000001733813877386e-02,-3.692559558142290079e-05,2.999889162529770115e+00
1.999933040031654299e-02,-1.477027519446117636e-04,2.999556647960411215e+00
2.999646106991746622e-02,-3.323332444577636337e-04,2.999002448847532420e+00
3.998993063355155142e-02,-5.908209201409010116e-04,2.998226551495003722e+00
4.997825943589342956e-02,-9.231716963491483482e-04,2.997228935960038587e+00
5.995996653409052524e-02,-1.329393559256728712e-03,2.996009576058982660e+00
6.993356935155092824e-02,-1.809496562138441112e-03,2.994568439373825885e+00
7.989758333092128462e-02,-2.363492823444434190e-03,2.992905487259445163e+00
8.985052158606440798e-02,-2.991396524663123176e-03,2.991020674851606831e+00
9.979089455284603782e-02,-3.693223907966107500e-03,2.988913951075737430e+00
1.097172096385391205e-01,-4.468993273627916429e-03,2.986585258656493380e+00
1.196279708696532801e-01,-5.318724977212367817e-03,2.984034534128154004e+00
1.295216785379960100e-01,-6.242441426516222129e-03,2.981261707845859199e+00
1.393968288447704484e-01,-7.240167078259699546e-03,2.978266703997733078e+00
1.492519135425135757e-01,-8.311928434512252245e-03,2.975049440617914875e+00
1.590854195746763400e-01,-9.457754038840780059e-03,2.971609829600539321e+00
1.688958287126457736e-01,-1.067767447216620876e-02,2.967947776714702890e+00
1.786816171900063033e-01,-1.197172234831305609e-02,2.964063181620457232e+00
1.884412553338356278e-01,-1.333993230923524731e-02,2.959955937885868860e+00
1.981732071928272720e-01,-1.478234101990003220e-02,2.955625933005198824e+00
2.078759301620292654e-01,-1.629898716281039106e-02,2.951073048418241473e+00
2.175478746039850031e-01,-1.788991143214476928e-02,2.946297159530885779e+00
2.271874834660587705e-01,-1.955515652749147820e-02,2.941298135736943209e+00
2.367931918937245528e-01,-2.129476714715331301e-02,2.936075840441307427e+00
2.463634268395928362e-01,-2.310878998099640327e-02,2.930630131084505763e+00
2.558966066679453366e-01,-2.499727370281540004e-02,2.924960859168705074e+00
2.653911407545428425e-01,-2.696026896218539984e-02,2.919067870285246169e+00
2.748454290814664747e-01,-2.899782837576900599e-02,2.912951004143770728e+00
2.842578618267472823e-01,-3.111000651804507466e-02,2.906610094603028216e+00
2.936268189485323754e-01,-3.329685991142363605e-02,2.900044969703434283e+00
3.029506697635307999e-01,-3.555844701570939903e-02,2.893255451701472136e+00
3.122277725194756437e-01,-3.789482821687414904e-02,2.886241357106025252e+00
3.214564739613308131e-01,-4.030606581509618702e-02,2.879002496716736470e+00
3.306351088909650904e-01,-4.279222401202265741e-02,2.871538675664499163e+00
3.397619997200077568e-01,-4.535336889720837511e-02,2.863849693454180834e+00
3.488354560155919049e-01,-4.798956843368233638e-02,2.855935344009698618e+00
3.578537740386837918e-01,-5.070089244259087108e-02,2.847795415721566137e+00
3.668152362746869288e-01,-5.348741258686370154e-02,2.839429691497036057e+00
3.757181109560019383e-01,-5.634920235384690418e-02,2.830837948812979121e+00
3.845606515762116651e-01,-5.928633703684401540e-02,2.822019959771640440e+00
3.933410963955537576e-01,-6.229889371550415694e-02,2.812975491159424468e+00
4.020576679373305540e-01,-6.538695123499307926e-02,2.803704304508875644e+00
4.107085724748972266e-01,-6.855059018388059977e-02,2.794206156164023902e+00
4.192919995088578711e-01,-7.178989287067497060e-02,2.784480797349275782e+00
4.278061212340878439e-01,-7.510494329893177556e-02,2.774527974242050998e+00
4.362490919961899971e-01,-7.849582714086218715e-02,2.764347428049366506e+00
4.446190477369809102e-01,-8.196263170936225750e-02,2.753938895088589245e+00
4.529141054285906187e-01,-8.550544592838178748e-02,2.743302106872588020e+00
4.611323624957481826e-01,-8.912436030154800848e-02,2.732436790199534116e+00
4.692718962258128901e-01,-9.281946687895588355e-02,2.721342667247608649e+00
4.773307631660977934e-01,-9.659085922203340668e-02,2.710019455674895550e+00
4.853069985080207260e-01,-1.004386323663861852e-01,2.698466868724755052e+00
4.931986154576034620e-01,-1.043628827825219541e-01,2.686684615336983661e+00
5.010036045918272452e-01,-1.083637083343510776e-01,2.674672400265091454e+00
5.087199332003401464e-01,-1.124412082353548475e-01,2.662429924200047093e+00
5.163455446119953329e-01,-1.165954830023084449e-01,2.649956883900848048e+00
5.238783575056885633e-01,-1.208266344064401754e-01,2.637252972332311707e+00
5.313162652049460144e-01,-1.251347654219030769e-01,2.624317878810490612e+00
5.386571349556994459e-01,-1.295199801714290166e-01,2.611151289156141253e+00
5.458988071866710534e-01,-1.339823838690289148e-01,2.597752885856702498e+00
5.530390947517743738e-01,-1.385220827595955995e-01,2.584122348237255729e+00
5.600757821539198433e-01,-1.431391840552583006e-01,2.570259352640973383e+00
5.670066247495989531e-01,-1.478337958683298703e-01,2.556163572619579050e+00
5.738293479336016301e-01,-1.526060271406786684e-01,2.541834679134380437e+00
5.805416463032051499e-01,-1.574559875693474775e-01,2.527272340768452086e+00
5.871411828011507961e-01,-1.623837875282323762e-01,2.512476223950588228e+00
5.936255878367092675e-01,-1.673895379856221444e-01,2.497445993191668379e+00
5.999924583841114156e-01,-1.724733504173885656e-01,2.482181311334116014e+00
6.062393570576014579e-01,-1.776353367156038587e-01,2.466681839815164423e+00
6.123638111623483926e-01,-1.828756090923492061e-01,2.450947238944682027e+00
6.183633117204250240e-01,-1.881942799784627474e-01,2.434977168198349418e+00
6.242353124710450230e-01,-1.935914619169612216e-01,2.418771286527018116e+00
6.299772288442184731e-01,-1.990672674508519591e-01,2.402329252683133465e+00
6.355864369069639253e-01,-2.046218090050355154e-01,2.385650725565139130e+00
6.410602722811870047e-01,-2.102551987619799556e-01,2.368735364580848657e+00
6.463960290323084168e-01,-2.159675485308290843e-01,2.351582830030798821e+00
6.515909585276952187e-01,-2.217589696095857987e-01,2.334192783512681668e+00
6.566422682639206920e-01,-2.276295726399899244e-01,2.316564888347990347e+00
6.615471206618478428e-01,-2.335794674546874672e-01,2.298698810032096418e+00
6.663026318285006910e-01,-2.396087629162627908e-01,2.280594216709029620e+00
6.709058702846564248e-01,-2.457175667476813041e-01,2.262250779672312806e+00
6.753538556570602980e-01,-2.519059853536610993e-01,2.243668173893277107e+00
6.796435573341307324e-01,-2.581741236324652800e-01,2.224846078578373021e+00
6.837718930839922216e-01,-2.645220847775758832e-01,2.205784177757062814e+00
6.877357276336374392e-01,-2.709499700686777701e-01,2.186482160901996430e+00
6.915318712079899788e-01,-2.774578786513487438e-01,2.166939723583249933e+00
6.951570780276030703e-01,-2.840459073048152705e-01,2.147156568158521850e+00
6.986080447636985324e-01,-2.907141501970966768e-01,2.127132404501297369e+00
7.018814089492151354e-01,-2.974626986268200657e-01,2.106866950769092472e+00
7.049737473445051306e-01,-3.042916407509466126e-01,2.086359934214036649e+00
7.078815742562846181e-01,-3.112010612976049417e-01,2.065611092038172281e+00
7.106013398084111143e-01,-3.181910412631811513e-01,2.044620172295991800e+00
7.131294281630348175e-01,-3.252616575927624321e-01,2.023386934846893137e+00
7.154621556906367585e-01,-3.324129828429812639e-01,2.001911152360383195e+00
7.175957690874430472e-01,-3.396450848262478894e-01,1.980192611377035616e+00
7.195264434386784425e-01,-3.469580262353001987e-01,1.958231113428390513e+00
7.212502802260976065e-01,-3.543518642469363211e-01,1.936026476219169012e+00
7.227633052782141965e-01,-3.618266501037274985e-01,1.913578534875387982e+00
7.240614666616300710e-01,-3.693824286724360917e-01,1.890887143262171222e+00
7.251406325118530116e-01,-3.770192379777882463e-01,1.867952175375284796e+00
7.259965888019829228e-01,-3.847371087101691400e-01,1.844773526810671749e+00
7.266250370476423637e-01,-3.925360637057213054e-01,1.821351116316517693e+00
7.270215919465289334e-01,-4.004161173972361487e-01,1.797684887432658307e+00
7.271817789509769092e-01,-4.083772752341299217e-01,1.773774810222433107e+00
7.271010317719287519e-01,-4.164195330696920383e-01,1.749620883102400271e+00
7.267746898127458444e-01,-4.245428765136828875e-01,1.725223134775663247e+00
7.261979955313186963e-01,-4.327472802482413838e-01,1.700581626274909830e+00
7.253660917289865839e-01,-4.410327073049365443e-01,1.675696453121641172e+00
7.242740187648334382e-01,-4.493991083006658172e-01,1.650567747608465252e+00
7.229167116939994031e-01,-4.578464206299616146e-01,1.625195681211755172e+00
7.212889973287396339e-01,-4.663745676111166749e-01,1.599580467142423634e+00
7.193855912210682657e-01,-4.749834575833808969e-01,1.573722363043037253e+00
7.172010945659538228e-01,-4.836729829523128688e-01,1.547621673840010592e+00
7.147299910241856624e-01,-4.924430191801889012e-01,1.521278754760152951e+00
7.119666434642093478e-01,-5.012934237181827513e-01,1.494694014521414038e+00
7.089052906224353467e-01,-5.102240348768276590e-01,1.467867918708286368e+00
7.055400436817669263e-01,-5.192346706310546622e-01,1.440800993342958192e+00
7.018648827683714453e-01,-5.283251273558788874e-01,1.413493828664001528e+00
6.978736533670366615e-01,-5.374951784885597661e-01,1.385947083125098400e+00
6.935600626558193760e-01,-5.467445731128095510e-01,1.358161487627074226e+00
6.889176757611110702e-01,-5.560730344603526110e-01,1.330137849997321542e+00
6.839399119347193690e-01,-5.654802583248543790e-01,1.301877059731547437e+00
6.786200406551011755e-01,-5.749659113829356238e-01,1.273380093013690484e+00
6.729511776554971680e-01,-5.845296294166725248e-01,1.244648018030801495e+00
6.669262808824031330e-01,-5.941710154316451886e-01,1.215682000600695201e+00
6.605381463885963145e-01,-6.038896376642461927e-01,1.186483310131233537e+00
6.537794041658107069e-01,-6.136850274715897058e-01,1.157053325931222343e+00
6.466425139231440911e-01,-6.235566770969723782e-01,1.127393543894067207e+00
6.391197608183885048e-01,-6.335040373034300787e-01,1.097505583576564803e+00
6.312032511507218446e-01,-6.435265148675072266e-01,1.067391195696482775e+00
6.228849080245943970e-01,-6.536234699249131586e-01,1.037052270073922422e+00
6.141564669962041867e-01,-6.637942131592760031e-01,1.006490844042847721e+00
6.050094717157049606e-01,-6.740380028247258126e-01,9.757091113606038979e-01
5.954352695802379580e-01,-6.843540415925437603e-01,9.447094316447479656e-01
5.854250074150566530e-01,-6.947414732116042879e-01,9.134943403680387819e-01
5.749696272024396038e-01,-7.051993789718151717e-01,8.820665594440146862e-01
5.640598618807840525e-01,-7.157267739592300115e-01,8.504290084371856073e-01
5.526862312392781806e-01,-7.263226030909682995e-01,8.185848164334887933e-01
5.408390379368827050e-01,-7.369857369175406570e-01,7.865373346082853434e-01
5.285083636780579797e-01,-7.477149671796410324e-01,7.542901495307943183e-01
5.156840655817694907e-01,-7.585090021059408549e-01,7.218470972454482659e-01
5.023557727848536603e-01,-7.693664614379155386e-01,6.892122781721932157e-01
4.885128833258416958e-01,-7.802858711672499004e-01,6.563900728692096953e-01
4.741445613608915588e-01,-7.912656579709347326e-01,6.233851587028719221e-01
4.592397347695904020e-01,-8.023041433287725344e-01,5.902025274709441494e-01
4.437870932151279368e-01,-8.133995373076982061e-01,5.568475040259917019e-01
4.277750867307448246e-01,-8.245499319970862606e-01,5.233257659467026590e-01
4.111919249124874609e-01,-8.357532945790976386e-01,4.896433643052000573e-01
3.940255768072036258e-01,-8.470074600181374258e-01,4.558067455784087230e-01
3.762637715944451289e-01,-8.583101233536759578e-01,4.218227747510228665e-01
3.578940001715584796e-01,-8.696588315810757086e-01,3.876987596564999139e-01
3.389035177627933160e-01,-8.810509751056925243e-01,3.534424766006614149e-01
3.192793476857868629e-01,-8.924837787564413594e-01,3.190621973097717001e-01
2.990082864223339576e-01,-9.039542923462777768e-01,2.845667172412284507e-01
2.780769101549542266e-01,-9.154593807687151363e-01,2.499653852900550199e-01
2.564715829464443986e-01,-9.269957136216353533e-01,2.152681349180246839e-01
2.341784667563542310e-01,-9.385597543523485076e-01,1.804855167242348513e-01
2.111835335061297836e-01,-9.501477489211840322e-01,1.456287324660257843e-01
1.874725794234819165e-01,-9.617557139849705061e-01,1.107096705270051440e-01
1.630312419162778526e-01,-9.733794246066758138e-01,7.574094281427364017e-02
1.378450192467934876e-01,-9.850144015033637235e-01,4.073592304938794539e-02
1.118992932983223498e-01,-9.966558978516018019e-01,5.708786396753436077e-03
8.517935574767239448e-02,-1.008298885677673118e+00,-2.932544965141242396e-02
5.767043797866591021e-02,-1.019938041869549394e+00,-6.435088324311660779e-02
2.935774509297796320e-02,-1.031567733858735458e+00,-9.935068513054454153e-02
2.264943949771922732e-04,-1.043182005032954329e+00,-1.343070548113235729e-01
-2.973804125398462825e-02,-1.054774559955380830e+00,-1.692011760725866398e-01
-6.055048479994959432e-02,-1.066338749482899750e+00,-2.040131722135364867e-01
-9.222530065438638847e-02,-1.077867555894828744e+00,-2.387220612789891783e-01
-1.247767342122051704e-01,-1.089353578164820924e+00,-2.733057117001224667e-01
-1.582187447932389968e-01,-1.100789017532368241e+00,-3.077407988096813596e-01
-1.925649315752321900e-01,-1.112165663556505146e+00,-3.420027627773828405e-01
-2.278284521001396334e-01,-1.123474880862974201e+00,-3.760657685972128572e-01
-2.640219329605589804e-01,-1.134707596827177589e+00,-4.099026688514860739e-01
-3.011573723116675039e-01,-1.145854290468501402e+00,-4.434849700763923708e-01
-3.392460339086093013e-01,-1.156904982866773013e+00,-4.767828036593494967e-01
-3.782983324425382432e-01,-1.167849229448197912e+00,-5.097649023084078745e-01
-4.183237100432545819e-01,-1.178676114525468721e+00,-5.423985832462223655e-01
-4.593305039353779429e-01,-1.189374248513954235e+00,-5.746497393930739550e-01
-5.013258053809926951e-01,-1.199931768281814692e+00,-6.064828399116565238e-01
-5.443153102171345292e-01,-1.210336341125126447e+00,-6.378609415865852394e-01
-5.883031615033457173e-01,-1.220575172887892634e+00,-6.687457125986235873e-01
-6.332917850340927801e-01,-1.230635020769115240e+00,-6.990974703213246322e-01
-6.792817187433762838e-01,-1.240502211372549457e+00,-7.288752348090341560e-01
-7.262714373332960216e-01,-1.250162664556675685e+00,-7.580367996520452900e-01
-7.742571737918794161e-01,-1.259601923629931619e+00,-7.865388218384435914e-01
-8.232327398232708315e-01,-1.268805192406305959e+00,-8.143369321737103927e-01
-8.731893475881135069e-01,-1.277757379585937159e+00,-8.413858676592743668e-01
-9.241154355335677861e-01,-1.286443150851496187e+00,-8.676396270111699227e-01
-9.759965014679042872e-01,-1.294846988971316337e+00,-8.930516502021499381e-01
-1.028814946387952123e+00,-1.302953262072584328e+00,-9.175750225292698126e-01
-1.082549932879993237e+00,-1.310746300091448546e+00,-9.411627032411494787e-01
-1.137177262164638325e+00,-1.318210479221920250e+00,-9.637677782055982245e-01
-1.192669274020755843e+00,-1.325330313973781982e+00,-9.853437354644958290e-01
-1.248994773878981501e+00,-1.332090556215058896e+00,-1.005844761819699951e+00
-1.306118991298851340e+00,-1.338476300322660739e+00,-1.025226057838362959e+00
-1.364003573814833281e+00,-1.344473093303438560e+00,-1.043444167881868445e+00
-1.422606619739722689e+00,-1.350067048487044730e+00,-1.060457320979347751e+00
-1.481882752939787107e+00,-1.355244961143381444e+00,-1.076225777619595592e+00
-1.541783241844104868e+00,-1.359994424154195691e+00,-1.090712176863452232e+00
-1.602256164030340324e+00,-1.364303941684279264e+00,-1.103881877623668739e+00
-1.663246616661681498e+00,-1.368163038666343034e+00,-1.115703287561657264e+00
-1.724696971867374806e+00,-1.371562363847285360e+00,-1.126148172847434958e+00
-1.786547174905707136e+00,-1.374493784152266196e+00,-1.135191942050654657e+00
-1.848735081676017078e+00,-1.376950468213400169e+00,-1.142813897697006587e+00
-1.911196830914277944e+00,-1.378926957084386729e+00,-1.148997449542889182e+00
-1.973867245276473170e+00,-1.380419220418539927e+00,-1.153730284384922200e+00
-2.036680254545042423e+00,-1.381424696717934220e+00,-1.157004488207221016e+00
-2.099569333439412766e+00,-1.381942316653288039e+00,-1.158816617641270641e+00
-2.162467946014670517e+00,-1.381972508891111673e+00,-1.159167719020927301e+00
-2.225309988421125151e+00,-1.381517188326710555e+00,-1.158063294699192225e+00
-2.288030221883555537e+00,-1.380579727087250408e+00,-1.155513217689251748e+00
-2.350564688136357994e+00,-1.379164909116455950e+00,-1.151531597034433085e+00
-2.412851100196580223e+00,-1.377278869561185282e+00,-1.146136597538878421e+00
-2.474829202232828429e+00,-1.374929020532472457e+00,-1.139350218549942451e+00
-2.536441093344487197e+00,-1.372123965096032405e+00,-1.131198037333467576e+00
-2.597631511245103830e+00,-1.368873401550719349e+00,-1.121708923197235030e+00
-2.658348073085599061e+00,-1.365188020174141315e+00,-1.110914728884112801e+00
-2.718541471897873318e+00,-1.361079394653549102e+00,-1.098849965877508827e+00
-2.778165628333263637e+00,-1.356559870382631150e+00,-1.085551470153637288e+00
-2.837177798467248380e+00,-1.351642451699877512e+00,-1.071058064604446081e+00
-2.895538639406187276e+00,-1.346340689983270167e+00,-1.055410223876205755e+00
-2.953212235239320194e+00,-1.340668574312184447e+00,-1.038649746760634152e+00
-3.010166086516522288e+00,-1.334640426174054761e+00,-1.020819440578370152e+00
-3.066371066896660391e+00,-1.328270799443617589e+00,-1.001962821247744495e+00
-3.121801350908790962e+00,-1.321574386608287410e+00,-9.821238319708389675e-01
-3.176434316912064570e+00,-1.314565931964728263e+00,-9.613465827245377682e-01
-3.230250429348127561e+00,-1.307260152277216925e+00,-9.396751120415917091e-01
-3.283233104273316716e+00,-1.299671665174205737e+00,-9.171531719243755099e-01
-3.335368561959542788e+00,-1.291814925369791478e+00,-8.938240361647342702e-01
-3.386645670084917903e+00,-1.283704168633942988e+00,-8.697303318542851658e-01
-3.437055780718949460e+00,-1.275353363300141485e+00,-8.449138934631762465e-01
-3.486592563961579128e+00,-1.266776168991002871e+00,-8.194156385401443199e-01
-3.535251840736838513e+00,-1.257985902159994840e+00,-7.932754638382818468e-01
-3.583031416884044251e+00,-1.248995507988309051e+00,-7.665321604926655930e-01
-3.629930920342970602e+00,-1.239817538137656383e+00,-7.392233467600020091e-01
-3.675951642902405503e+00,-1.230464133839367369e+00,-7.113854167681574747e-01
-3.721096387679490469e+00,-1.220947013794770442e+00,-6.830535037061706838e-01
-3.765369323223843878e+00,-1.211277466368607891e+00,-6.542614559046985301e-01
-3.808775844897368756e+00,-1.201466345573602545e+00,-6.250418243049953304e-01
-3.851322443968256515e+00,-1.191524070367854016e+00,-5.954258598844033301e-01
-3.893016584675260905e+00,-1.181460626815462822e+00,-5.654435196917442230e-01
-3.933866589364309441e+00,-1.171285572692866817e+00,-5.351234802416344749e-01
-3.973881531671908274e+00,-1.161008044157372687e+00,-5.044931571181752172e-01
-4.013071137626172735e+00,-1.150636764129058909e+00,-4.735787297420946951e-01
-4.051445694454124613e+00,-1.140180052071685601e+00,-4.424051703583920525e-01
-4.089015966820605641e+00,-1.129645834891731981e+00,-4.109962764016744652e-01
-4.125793120177160489e+00,-1.119041658706669162e+00,-3.793747054920800776e-01
-4.161788650866270700e+00,-1.108374701263694195e+00,-3.475620124048263149e-01
-4.197014322605047809e+00,-1.097651784818157505e+00,-3.155786874402938258e-01
-4.231482108961030164e+00,-1.086879389306691923e+00,-2.834441956987573397e-01
-4.265204141429186357e+00,-1.076063665673537839e+00,-2.511770168342717935e-01
-4.298192662722087221e+00,-1.065210449229798906e+00,-2.187946849258659565e-01
-4.330459984893102465e+00,-1.054325272944396596e+00,-1.863138281613000991e-01
-4.362018451924194018e+00,-1.043413380582456806e+00,-1.537502080795070114e-01
-4.392880406424458428e+00,-1.032479739621855463e+00,-1.211187581628427046e-01
-4.423058160102174341e+00,-1.021529053891836014e+00,-8.843362160984005738e-02
-4.452563967691017588e+00,-1.010565775889120887e+00,-5.570818815372843846e-02
-4.481410004029823924e+00,-9.995941187369365988e-01,-2.295512982200140217e-02
-4.509608344014269576e+00,-9.886180677609895939e-01,9.813564441779684330e-03
-4.537170945157802393e+00,-9.776413916638220236e-01,4.258655535054308577e-02
-4.564109632517808990e+00,-9.666676532852677139e-01,7.535312107829791883e-02
-4.590436085761101737e+00,-9.557002199420475685e-01,1.081031263184255853e-01
-4.616161828160221248e+00,-9.447422733440056231e-01,1.408269926039035502e-01
-4.641298217328682085e+00,-9.337968190881964503e-01,1.735156698865168434e-01
-4.665856437519019906e+00,-9.228666957350885047e-01,2.061606093629048675e-01
-4.689847493322337080e+00,-9.119545834736291212e-01,2.387537375277951623e-01
-4.713282204621957128e+00,-9.010630123839126204e-01,2.712874314287594957e-01
-4.736171202666745295e+00,-8.901943703077540571e-01,3.037544950920842424e-01
-4.758524927141736249e+00,-8.793509103386817349e-01,3.361481370856932438e-01
-4.780353624124865419e+00,-8.685347579437521226e-01,3.684619491823383219e-01
-4.801667344828908668e+00,-8.577479177302298474e-01,4.006898860843333132e-01
-4.822475945037250966e+00,-8.469922798705853406e-01,4.328262461698341723e-01
-4.842789085150826622e+00,-8.362696261994952973e-01,4.648656532199467728e-01
-4.862616230771567238e+00,-8.255816359966069440e-01,4.968030390856851830e-01
-4.881966653755026364e+00,-8.149298914687790329e-01,5.286336272539230441e-01
-4.900849433671534250e+00,-8.043158829453602721e-01,5.603529172719120544e-01
-4.919273459621329891e+00,-7.937410137998318627e-01,5.919566699906185780e-01
-4.937247432354673116e+00,-7.832066051108428351e-01,6.234408935880106917e-01
-4.954779866652986975e+00,-7.727139000753144860e-01,6.548018303344571578e-01
-4.971879093931661053e+00,-7.622640681859016443e-01,6.860359440635518391e-01
-4.988553265029302075e+00,-7.518582091846827131e-01,7.171399083129114116e-01
-5.004810353152001845e+00,-7.414973568045114538e-01,7.481105951007918087e-01
-5.020658156944564965e+00,-7.311824823090160574e-01,7.789450643056997636e-01
-5.036104303663761605e+00,-7.209144978417747485e-01,8.096405536175304007e-01
-5.051156252431422189e+00,-7.106942595947426389e-01,8.401944690301205165e-01
-5.065821297547716817e+00,-7.005225708055490275e-01,8.706043758464548921e-01
-5.080106571847224473e+00,-6.904001845928385839e-01,9.008679901690954672e-01
-5.094019050082434497e+00,-6.803278066383906530e-01,9.309831708497129377e-01
-5.107565552321153390e+00,-6.703060977243241458e-01,9.609479118728719849e-01
-5.120752747345955314e+00,-6.603356761332794811e-01,9.907603351504606914e-01
-5.133587156045278377e+00,-6.504171199190662556e-01,1.020418683704355844e+00
-5.146075154787109973e+00,-6.405509690548822910e-01,1.049921315216067574e+00
-5.158222978767396327e+00,-6.307377274658310107e-01,1.079266695923222441e+00
-5.170036725326379035e+00,-6.209778649521136007e-01,1.108453394843806228e+00
-5.181522357227013487e+00,-6.112718190089249104e-01,1.137480078310114440e+00
-5.192685705890486503e+00,-6.016199965487606383e-01,1.166345504795325949e+00
-5.203532474584608103e+00,-5.920227755315281559e-01,1.195048520016550819e+00
-5.214068241561538919e+00,-5.824805065075598920e-01,1.223588052299087403e+00
-5.224298463141904492e+00,-5.729935140783452008e-01,1.251963108187463813e+00
-5.234228476742917913e+00,-5.635620982795296330e-01,1.280172768289639773e+00
-5.243863503848572805e+00,-5.541865358904763950e-01,1.308216183341505134e+00
-5.253208652920427824e+00,-5.448670816744456413e-01,1.336092570479526787e+00
-5.262268922247853808e+00,-5.356039695532168743e-01,1.363801209710079565e+00
-5.271049202736965533e+00,-5.263974137197678926e-01,1.391341440564641818e+00
-5.279554280637732688e+00,-5.172476096924167877e-01,1.418712658930640691e+00
-5.287788840209038277e+00,-5.081547353136427470e-01,1.445914314048316829e+00
-5.295757466321675544e+00,-4.991189516966193507e-01,1.472945905664512667e+00
-5.303464646999457521e+00,-4.901404041223213492e-01,1.499806981334812939e+00
-5.310914775898796236e+00,-4.812192228899052071e-01,1.526497133865939437e+00
-5.318112154727257845e+00,-4.723555241229099311e-01,1.553015998890770799e+00
-5.325060995601725189e+00,-4.635494105336804838e-01,1.579363252568782849e+00
-5.331765423346893407e+00,-4.548009721482809131e-01,1.605538609405114281e+00
-5.338229477734951267e+00,-4.461102869940344329e-01,1.631541820181846347e+00
-5.344457115667346159e+00,-4.374774217517093944e-01,1.657372669995447634e+00
-5.350452213299611515e+00,-4.289024323742535172e-01,1.683030976394674916e+00
-5.356218568110290512e+00,-4.203853646738734962e-01,1.708516587613542637e+00
-5.361759900915033406e+00,-4.119262548791545742e-01,1.733829380894279071e+00
-5.367079857826970724e+00,-4.035251301638207999e-01,1.758969260895465681e+00
-5.372182012164506304e+00,-3.951820091486453190e-01,1.783936158180835729e+00
-5.377069866307684798e+00,-3.868969023779370020e-01,1.808730027784449357e+00
-5.381746853504299821e+00,-3.786698127719494433e-01,1.833350847848211229e+00
-5.386216339626928473e+00,-3.705007360564826491e-01,1.857798618327916484e+00
-5.390481624882064615e+00,-3.623896611708787852e-01,1.882073359764221632e+00
-5.394545945472541071e+00,-3.543365706555447470e-01,1.906175112115140902e+00
-5.398412475214405148e+00,-3.463414410200734705e-01,1.930103933646852177e+00
-5.402084327109420769e+00,-3.384042430929748990e-01,1.953859899879777373e+00
-5.405564554874358940e+00,-3.305249423539737830e-01,1.977443102587066681e+00
-5.408856154428208107e+00,-3.227034992497773702e-01,2.000853648842774390e+00
-5.411962065338440375e+00,-3.149398694941673016e-01,2.024091660117161240e+00
-5.414885172227449139e+00,-3.072340043532238441e-01,2.047157271416700564e+00
-5.417628306140241712e+00,-2.995858509164452954e-01,2.070050630466496067e+00
-5.420194245874466077e+00,-2.919953523544856488e-01,2.092771896932938080e+00
-5.422585719273825156e+00,-2.844624481641928604e-01,2.115321241684556597e+00
-5.424805404485909754e+00,-2.769870744015948683e-01,2.137698846089118643e+00
-5.426855931185462723e+00,-2.695691639034442644e-01,2.159904901345143902e+00
-5.428739881764055752e+00,-2.622086464979005993e-01,2.181939607846094642e+00
-5.430459792487150494e+00,-2.549054492048984377e-01,2.203803174575595936e+00
-5.432018154619485450e+00,-2.476594964267196386e-01,2.225495818532128300e+00
-5.433417415519699922e+00,-2.404707101292609117e-01,2.247017764181719279e+00
-5.434659979705106281e+00,-2.333390100144621948e-01,2.268369242937231522e+00
-5.435748209887464988e+00,-2.262643136843361658e-01,2.289550492662931980e+00
-5.436684427980631007e+00,-2.192465367970163892e-01,2.310561757203079214e+00
-5.437470916080884287e+00,-2.122855932152199199e-01,2.331403285933345337e+00
-5.438109917420758777e+00,-2.053813951474992017e-01,2.352075333333946361e+00
-5.438603637297148019e+00,-1.985338532826386171e-01,2.372578158583408925e+00
-5.438954243974452041e+00,-1.917428769175326675e-01,2.392912025171965329e+00
-5.439163869563501841e+00,-1.850083740788656950e-01,2.413077200533612299e+00
-5.439234610876986231e+00,-1.783302516388956538e-01,2.433073955695928436e+00
-5.439168530262067591e+00,-1.717084154256300343e-01,2.452902564946777275e+00
-5.438967656410876650e+00,-1.651427703276665271e-01,2.472563305517083698e+00
-5.438633985149536443e+00,-1.586332203939571361e-01,2.492056457278904347e+00
-5.438169480206356710e+00,-1.521796689287418514e-01,2.511382302458046389e+00
-5.437576073959816902e+00,-1.457820185818849701e-01,2.530541125360543209e+00
-5.436855668166939104e+00,-1.394401714348353083e-01,2.549533212112315539e+00
-5.436010134672637051e+00,-1.331540290824212713e-01,2.568358850411383454e+00
-5.435041316100599040e+00,-1.269234927106799304e-01,2.587018329292034569e+00
-5.433951026526258943e+00,-1.207484631709102030e-01,2.605511938900372026e+00
-5.432741052132390003e+00,-1.146288410501305755e-01,2.623839970280705369e+00
-5.431413151847824139e+00,-1.085645267381123991e-01,2.642002715172260263e+00
-5.429969057969810109e+00,-1.025554204911519746e-01,2.660000465815729687e+00
-5.428410476770490156e+00,-9.660142249273601101e-02,2.677833514769187406e+00
-5.426739089087959655e+00,-9.070243291124792384e-02,2.695502154732931199e+00
-5.424956550902372499e+00,-8.485835195485467997e-02,2.713006678382827719e+00
-5.423064493897525651e+00,-7.906907992370759697e-02,2.730347378211764209e+00
-5.421064526008359863e+00,-7.333451725958363421e-02,2.747524546378821153e+00
-5.418958231954777105e+00,-6.765456459308760717e-02,2.764538474565803039e+00
-5.416747173762194834e+00,-6.202912278853022626e-02,2.781389453840788395e+00
-5.414432891269206571e+00,-5.645809298659078268e-02,2.798077774528363371e+00
-5.412016902622737824e+00,-5.094137664486858563e-02,2.814603726086229329e+00
-5.409500704761063261e+00,-4.547887557642195377e-02,2.830967596987887802e+00
-5.406885773885028890e+00,-4.007049198638892168e-02,2.847169674611116363e+00
-5.404173565917837152e+00,-3.471612850677927020e-02,2.863210245131968978e+00
-5.401365516953712920e+00,-2.941568822952338874e-02,2.879089593424041915e+00
-5.398463043695786112e+00,-2.416907473785919261e-02,2.894808002962758309e+00
-5.395467543883491146e+00,-1.897619213613469663e-02,2.910365755734440452e+00
-5.392380396709795853e+00,-1.383694507810001757e-02,2.925763132149949541e+00
-5.389202963228550303e+00,-8.751238793759205659e-03,2.941000410962675726e+00
-5.385936586752232635e+00,-3.718979114848967437e-03,2.956077869190678609e+00
-5.382582593240385904e+00,1.259927500991777673e-03,2.970995782042786804e+00
-5.379142291678991050e+00,6.185573947300557207e-03,2.985754422848474032e+00
-5.375616974451054908e+00,1.105805244706011339e-02,3.000354062991330117e+00
-5.372007917698648605e+00,1.587745453210182706e-02,3.014794971845968785e+00
-5.368316381676655702e+00,2.064387102359098100e-02,3.029077416718204407e+00
-5.364543611098453013e+00,2.535739201354338807e-02,3.043201662788354245e+00
-5.360690835473758575e+00,3.001810684732533763e-02,3.057167973057513866e+00
-5.356759269438874149e+00,3.462610410709091729e-02,3.070976608296669408e+00
-5.352750113079530969e+00,3.918147159611294617e-02,3.084627826998518341e+00
-5.348664552246550130e+00,4.368429632396572670e-02,3.098121885331869496e+00
-5.344503758864519227e+00,4.813466449251967150e-02,3.111459037098499358e+00
-5.340268891233689530e+00,5.253266148270983177e-02,3.124639533692356252e+00
-5.335961094325270437e+00,5.687837184204186380e-02,3.137663624060998302e+00
-5.331581500070326385e+00,6.117187927280080817e-02,3.150531554669160794e+00
-5.327131227642436073e+00,6.541326662092947219e-02,3.163243569464354366e+00
-5.322611383734302315e+00,6.960261586554480906e-02,3.175799909844398972e+00
-5.318023062828475922e+00,7.374000810906208847e-02,3.188200814626798607e+00
-5.313367347462364165e+00,7.782552356789790293e-02,3.200446520019874175e+00
-5.308645308487673020e+00,8.185924156372449689e-02,3.212537259595571015e+00
-5.303858005324451064e+00,8.584124051524900934e-02,3.224473264263854944e+00
-5.299006486209874467e+00,8.977159793049256653e-02,3.236254762248631511e+00
-5.294091788441931179e+00,9.365039039954496658e-02,3.247881979065106339e+00
-5.289114938618135753e+00,9.747769358777219617e-02,3.259355137498523014e+00
-5.284076952869416921e+00,1.012535822294545751e-01,3.270674457584206607e+00
-5.278978837089314702e+00,1.049781301218347673e-01,3.281840156588858637e+00
-5.273821587158616708e+00,1.086514101195553139e-01,3.292852448993031089e+00
-5.268606189165556231e+00,1.122734941294667721e-01,3.303711546474730643e+00
-5.263333619621699988e+00,1.158444531057878230e-01,3.314417657894094038e+00
-5.258004845673647232e+00,1.193643570456001113e-01,3.324970989279080857e+00
-5.252620825310645891e+00,1.228332749846607480e-01,3.335371743812135303e+00
-5.247182507568256327e+00,1.262512749935166823e-01,3.345620121817767245e+00
-5.241690832728154170e+00,1.296184241739054277e-01,3.355716320751003678e+00
-5.236146732514194824e+00,1.329347886554275437e-01,3.365660535186673297e+00
-5.230551130284833761e+00,1.362004335924768550e-01,3.375452956809472660e+00
-5.224904941222014543e+00,1.394154231614150030e-01,3.385093774404781097e+00
-5.219209072516608927e+00,1.425798205579772993e-01,3.394583173850180824e+00
-5.213464423550517424e+00,1.456936879948980135e-01,3.403921338107645855e+00
-5.207671886075521783e+00,1.487570866997428298e-01,3.413108447216366859e+00
-5.201832344388975571e+00,1.517700769129377847e-01,3.422144678286173747e+00
-5.195946675506426082e+00,1.547327178859833618e-01,3.431030205491528484e+00
-5.190015749331253758e+00,1.576450678798439753e-01,3.439765200066051243e+00
-5.184040428821409918e+00,1.605071841635027086e-01,3.448349830297554597e+00
-5.178021570153342523e+00,1.633191230126718185e-01,3.456784261523554669e+00
-5.171960022883181018e+00,1.660809397086504546e-01,3.465068656127235691e+00
-5.165856630105263747e+00,1.687926885373204067e-01,3.473203173533834232e+00
-5.159712228608081652e+00,1.714544227882719984e-01,3.481187970207427984e+00
-5.153527649027717317e+00,1.740661947540521060e-01,3.489023199648097151e+00
-5.147303715998847728e+00,1.766280557295268339e-01,3.496709012389438875e+00
-5.141041248303376499e+00,1.791400560113516338e-01,3.504245555996413852e+00
-5.134741059016777243e+00,1.816022448975416759e-01,3.511632975063501583e+00
-5.128403955652204971e+00,1.840146706871364224e-01,3.518871411213146061e+00
-5.122030740302444762e+00,1.863773806799515209e-01,3.525961003094472357e+00
-5.115622209779760787e+00,1.886904211764123818e-01,3.532901886382254109e+00
-5.109179155753714063e+00,1.909538374774633340e-01,3.539694193776118603e+00
-5.102702364887001352e+00,1.931676738845471419e-01,3.546338054999965905e+00
-5.096192618969381805e+00,1.953319736996493028e-01,3.552833596801593163e+00
-5.089650695049748208e+00,1.974467792254024079e-01,3.559180942952504978e+00
-5.083077365566396999e+00,1.995121317652452375e-01,3.565380214247892532e+00
-5.076473398475559229e+00,2.015280716236326208e-01,3.571431528506775255e+00
-5.069839557378245765e+00,2.034946381062910092e-01,3.577335000572283707e+00
-5.063176601645454689e+00,2.054118695205160439e-01,3.583090742312073917e+00
-5.056485286541798629e+00,2.072798031755076764e-01,3.588698862618862062e+00
-5.049766363347608866e+00,2.090984753827393738e-01,3.594159467411066178e+00
-5.043020579479551735e+00,2.108679214563574655e-01,3.599472659633544680e+00
-5.036248678609823060e+00,2.125881757136072192e-01,3.604638539258419261e+00
-5.029451400783960580e+00,2.142592714752823146e-01,3.609657203285975058e+00
-5.022629482537319667e+00,2.158812410661944681e-01,3.614528745745624327e+00
-5.015783657010270069e+00,2.174541158156602372e-01,3.619253257696927406e+00
-5.008914654062148308e+00,2.189779260580020370e-01,3.623830827230661633e+00
-5.002023200384015489e+00,2.204527011330606190e-01,3.628261539469929353e+00
-4.995110019610264906e+00,2.218784693867164592e-01,3.632545476571294341e+00
-4.988175832429124767e+00,2.232552581714173368e-01,3.636682717725946645e+00
-4.981221356692095092e+00,2.245830938467100468e-01,3.640673339160877209e+00
-4.974247307522363215e+00,2.258620017797736967e-01,3.644517414140067135e+00
-4.967254397422237844e+00,2.270920063459526128e-01,3.648215012965675630e+00
-4.960243336379644319e+00,2.282731309292866939e-01,3.651766202979226161e+00
-4.953214831973723697e+00,2.294053979230373519e-01,3.655171048562781522e+00
-4.946169589479566753e+00,2.304888287302072902e-01,3.658429611140104676e+00
-4.939108311972131737e+00,2.315234437640521781e-01,3.661541949177799626e+00
-4.932031700429378773e+00,2.325092624485829151e-01,3.664508118186423413e+00
-4.924940453834659948e+00,2.334463032190564891e-01,3.667328170721571912e+00
-4.917835269278404198e+00,2.343345835224544815e-01,3.670002156384926995e+00
-4.910716842059132503e+00,2.351741198179475023e-01,3.672530121825266392e+00
-4.903585865783839814e+00,2.359649275773445243e-01,3.674912110739431359e+00
-4.896443032467784562e+00,2.367070212855256484e-01,3.677148163873245945e+00
-4.889289032633713283e+00,2.374004144408575767e-01,3.679238319022386072e+00
-4.882124555410562117e+00,2.380451195555904065e-01,3.681182611033196661e+00
-4.874950288631673345e+00,2.386411481562349390e-01,3.682981071803451023e+00
-4.867766918932550979e+00,2.391885107839198110e-01,3.684633730283052522e+00
-4.860575131848199781e+00,2.396872169947271980e-01,3.686140612474672285e+00
-4.853375611910079712e+00,2.401372753600069521e-01,3.687501741434325186e+00
-4.846169042742707767e+00,2.405386934666680354e-01,3.688717137271879221e+00
-4.838956107159940956e+00,2.408914779174468335e-01,3.689786817151496479e+00
-4.831737487260980402e+00,2.411956343311519313e-01,3.690710795292006186e+00
-4.824513864526120521e+00,2.414511673428847427e-01,3.691489082967202684e+00
-4.817285919912283276e+00,2.416580806042358254e-01,3.692121688506077248e+00
-4.810054333948366789e+00,2.418163767834561884e-01,3.692608617292970408e+00
-4.802819786830449189e+00,2.419260575656038970e-01,3.692949871767654546e+00
-4.795582958516868111e+00,2.419871236526652258e-01,3.693145451425338788e+00
-4.788344528823220259e+00,2.419995747636507211e-01,3.693195352816601051e+00
-4.781105177517303240e+00,2.419634096346658103e-01,3.693099569547242389e+00
-4.773865584414049401e+00,2.418786260189559889e-01,3.692858092278067161e+00
-4.766626429470459669e+00,2.417452206869269149e-01,3.692470908724585943e+00
-4.759388392880596896e+00,2.415631894261393575e-01,3.691938003656644707e+00
-4.752152155170648484e+00,2.413325270412791101e-01,3.691259358897979403e+00
-4.744918397294108914e+00,2.410532273541024229e-01,3.690434953325694156e+00
-4.737687800727102605e+00,2.407252832033570100e-01,3.689464762869670622e+00
-4.730461047563888854e+00,2.403486864446793825e-01,3.688348760511900082e+00
-4.723238820612572830e+00,2.399234279504684764e-01,3.687086916285749361e+00
-4.716021803491067033e+00,2.394494976097366612e-01,3.685679197275153474e+00
-4.708810680723328090e+00,2.389268843279383492e-01,3.684125567613745655e+00
-4.701606137835906196e+00,2.383555760267770385e-01,3.682425988483915447e+00
-4.694408861454836490e+00,2.377355596439915952e-01,3.680580418115809493e+00
-4.687219539402915913e+00,2.370668211331223296e-01,3.678588811786267510e+00
-4.680038860797386846e+00,2.363493454632582258e-01,3.676451121817699175e+00
-4.672867516148075495e+00,2.355831166187657977e-01,3.674167297576908187e+00
-4.665706197456004567e+00,2.347681175990008751e-01,3.671737285473860357e+00
-4.658555598312533519e+00,2.339043304180045413e-01,3.669161028960404192e+00
-4.651416413999043264e+00,2.329917361041840551e-01,3.666438468528944838e+00
-4.644289341587212405e+00,2.320303146999805055e-01,3.663569541711073629e+00
-4.637175080039921404e+00,2.310200452615241706e-01,3.660554183076163870e+00
-4.630074330312812236e+00,2.299609058582793297e-01,3.657392324229925773e+00
-4.622987795456549698e+00,2.288528735726798047e-01,3.654083893812939188e+00
-4.615916180719815465e+00,2.276959244997571463e-01,3.650628817499154355e+00
-4.608860193653077530e+00,2.264900337467629365e-01,3.647027017994377562e+00
-4.601820544213167885e+00,2.252351754327873712e-01,3.643278415034740370e+00
-4.594797944868711959e+00,2.239313226883755392e-01,3.639382925385160394e+00
-4.587793110706446242e+00,2.225784476551439239e-01,3.635340462837798547e+00
-4.580806759538460504e+00,2.211765214853991246e-01,3.631150938210519818e+00
-4.573839612010419664e+00,2.197255143417608247e-01,3.626814259345364277e+00
-4.566892391710782206e+00,2.182253953967916438e-01,3.622330331107034951e+00
-4.559965825281079965e+00,2.166761328326363145e-01,3.617699055381410567e+00
-4.553060642527287705e+00,2.150776938406726568e-01,3.612920331074086722e+00
-4.546177576532330455e+00,2.134300446211772062e-01,3.607994054108961457e+00
-4.539317363769771241e+00,2.117331503830083284e-01,3.602920117426867019e+00
-4.532480744218722712e+00,2.099869753433099007e-01,3.597698410984258466e+00
-4.525668461480030658e+00,2.081914827272385304e-01,3.592328821751969326e+00
-4.518881262893773787e+00,2.063466347677178903e-01,3.586811233714043645e+00
-4.512119899658125100e+00,2.044523927052232237e-01,3.581145527866653300e+00
-4.505385126949622787e+00,2.025087167876001570e-01,3.575331582217113446e+00
-4.498677704044908410e+00,2.005155662699211749e-01,3.569369271783006781e+00
-4.491998394443963427e+00,1.984728994143837855e-01,3.563258468591425920e+00
-4.485347965994915143e+00,1.963806734902548146e-01,3.556999041678348572e+00
-4.478727191020447584e+00,1.942388447738646884e-01,3.550590857088159247e+00
-4.472136846445881275e+00,1.920473685486566717e-01,3.544033777873325963e+00
-4.465577713928969850e+00,1.898061991052955588e-01,3.537327664094252366e+00
-4.459050579991467700e+00,1.875152897418406739e-01,3.530472372819315030e+00
-4.452556236152530822e+00,1.851745927639885103e-01,3.523467758125103266e+00
-4.446095479064002376e+00,1.827840594853904488e-01,3.516313671096877425e+00
-4.439669110647641581e+00,1.803436402280510220e-01,3.509009959829260339e+00
-4.433277938234361670e+00,1.778532843228126381e-01,3.501556469427183682e+00
-4.426922774705533747e+00,1.753129401099330353e-01,3.493953042007102550e+00
-4.420604438636418720e+00,1.727225549397617133e-01,3.486199516698500034e+00
-4.414323754441793035e+00,1.700820751735223069e-01,3.478295729645700884e+00
-4.408081552523836599e+00,1.673914461842074819e-01,3.470241514010016903e+00
-4.401878669422341517e+00,1.646506123575942337e-01,3.462036699972240061e+00
-4.395715947967322457e+00,1.618595170933866401e-01,3.453681114735516200e+00
-4.389594237434089941e+00,1.590181028064945323e-01,3.445174582528609530e+00
-4.383514393700862044e+00,1.561263109284560802e-01,3.436516924609596124e+00
-4.377477279408988231e+00,1.531840819090131423e-01,3.427707959270002380e+00
-4.371483764125862592e+00,1.501913552178484879e-01,3.418747501839419112e+00
-4.365534724510600206e+00,1.471480693464942424e-01,3.409635364690621895e+00
-4.359631044482563667e+00,1.440541618104216326e-01,3.400371357245220771e+00
-4.353773615392812601e+00,1.409095691513221615e-01,3.390955285979876166e+00
-4.347963336198565010e+00,1.377142269395913166e-01,3.381386954433111658e+00
-4.342201113640759225e+00,1.344680697770257449e-01,3.371666163212752920e+00
-4.336487862424795559e+00,1.311710312997460270e-01,3.361792710004031903e+00
-4.330824505404560654e+00,1.278230441813570373e-01,3.351766389578394900e+00
-4.325211973769814477e+00,1.244240401363589654e-01,3.341586993803045580e+00
-4.319651207237046542e+00,1.209739499238223770e-01,3.331254311651270505e+00
-4.314143154243890166e+00,1.174727033513412733e-01,3.320768129213583553e+00
-4.308688772147203139e+00,1.139202292792789312e-01,3.310128229709734082e+00
-4.303289027424911595e+00,1.103164556253216771e-01,3.299334393501626383e+00
-4.297944895881728122e+00,1.066613093693567077e-01,3.288386398107197017e+00
-4.292657362858852466e+00,1.029547165586906649e-01,3.277284018215296246e+00
-4.287427423447758734e+00,9.919660231362634195e-02,3.266027025701632613e+00
-4.282256082708198797e+00,9.538689083341585218e-02,3.254615189645827744e+00
-4.277144355890529326e+00,9.152550540260936951e-02,3.243048276349641768e+00
-4.272093268662484178e+00,8.761236839781917640e-02,3.231326049356429753e+00
-4.267103857340522666e+00,8.364740129492016785e-02,3.219448269471887336e+00
-4.262177169125880738e+00,7.963052467670826695e-02,3.207414694786154818e+00
-4.257314262345449407e+00,7.556165824103973361e-02,3.195225080697342790e+00
-4.252516206697631418e+00,7.144072080947513892e-02,3.182879179936555669e+00
-4.247784083503297836e+00,6.726763033645276335e-02,3.170376742594480657e+00
-4.243118985962007095e+00,6.304230391901764763e-02,3.157717516149626036e+00
-4.238522019413613506e+00,5.876465780713330950e-02,3.144901245498285203e+00
-4.233994301605439325e+00,5.443460741460475621e-02,3.131927672986314803e+00
-4.229536962965148028e+00,5.005206733064244268e-02,3.118796538442812238e+00
-4.225151146879490227e+00,4.561695133209840713e-02,3.105507579215785796e+00
-4.220838009979086536e+00,4.112917239640707240e-02,3.092060530209919555e+00
-4.216598722429414359e+00,3.658864271526490047e-02,3.078455123926526760e+00
-4.212434468228179796e+00,3.199527370908448326e-02,3.064691090505804016e+00
-4.208346445509246081e+00,2.734897604226044915e-02,3.050768157771494238e+00
-4.204335866853314840e+00,2.264965963928621331e-02,3.036686051278075116e+00
-4.200403959605544024e+00,1.789723370176248343e-02,3.022444494360599698e+00
-4.196551966200304129e+00,1.309160672634029389e-02,3.008043208187306305e+00
-4.192781144493273437e+00,8.232686523643416299e-03,2.993481911815144336e+00
-4.189092768101080111e+00,3.320380238217029815e-03,2.978760322248345194e+00
-4.185488126748707849e+00,-1.645405630448196427e-03,2.963878154500189321e+00
-4.181968526624888938e+00,-6.664765205765172708e-03,2.948835121658125225e+00
-4.178535290745704955e+00,-1.173779321071870795e-02,2.933630934952394576e+00
-4.175189759326637606e+00,-1.686458494329663022e-02,2.918265303828336599e+00
-4.171933290163310382e+00,-2.204523625062454473e-02,2.902737936022550258e+00
-4.168767259021166183e+00,-2.727984350174230549e-02,2.887048537643090995e+00
-4.165693060034339368e+00,-3.256850355895722637e-02,2.871196813253905855e+00
-4.162712106113992228e+00,-3.791131374770594087e-02,2.855182465963699290e+00
-4.159825829366374350e+00,-4.330837182485368364e-02,2.839005197519453016e+00
-4.157035681520899750e+00,-4.875977594535609028e-02,2.822664708404817091e+00
-4.154343134368521540e+00,-5.426562462720518204e-02,2.806160697943604898e+00
-4.151749680210703453e+00,-5.982601671457727505e-02,2.789492864408641637e+00
-4.149256832319297317e+00,-6.544105133909666749e-02,2.772660905136223430e+00
-4.146866125407638215e+00,-7.111082787912459402e-02,2.755664516646450846e+00
-4.144579116113179751e+00,-7.683544591697862025e-02,2.738503394769729926e+00
-4.142397383492014029e+00,-8.261500519398295994e-02,2.721177234779728060e+00
-4.140322529525607642e+00,-8.844960556324525658e-02,2.703685731533104430e+00
-4.138356179640116039e+00,-9.433934694005030597e-02,2.686028579616335676e+00
-4.136499983238643985e+00,-1.002843292497556521e-01,2.668205473499985825e+00
-4.134755614246819810e+00,-1.062846523730682780e-01,2.650216107700776202e+00
-4.133124771672074260e+00,-1.123404160885756731e-01,2.632060176951838137e+00
-4.131609180177023610e+00,-1.184517200123982733e-01,2.613737376381544131e+00
-4.130210590667367399e+00,-1.246186635348232735e-01,2.595247401701332279e+00
-4.128930780894720876e+00,-1.308413457537732083e-01,2.576589949402968927e+00
-4.127771556074812942e+00,-1.371198654049550769e-01,2.557764716965703844e+00
-4.126734749521506096e+00,-1.434543207885276284e-01,2.538771403073805999e+00
-4.125822223297086921e+00,-1.498448096921172479e-01,2.519609707844987057e+00
-4.125035868879308509e+00,-1.562914293100028940e-01,2.500279333070245524e+00
-4.124377607845661764e+00,-1.627942761582821529e-01,2.480779982465699085e+00
-4.123849392575388961e+00,-1.693534459858210550e-01,2.461111361936989539e+00
-4.123453206969731610e+00,-1.759690336807794575e-01,2.441273179856885189e+00
-4.123191067190966841e+00,-1.826411331724934750e-01,2.421265147356732594e+00
-4.123065022420748349e+00,-1.893698373284851688e-01,2.401086978632446023e+00
-4.123077155638325664e+00,-1.961552378463577440e-01,2.380738391265755816e+00
-4.123229584419208393e+00,-2.029974251403217078e-01,2.360219106561476821e+00
-4.123524461754857207e+00,-2.098964882220845374e-01,2.339528849901598484e+00
-4.123963976894007288e+00,-2.168525145758220807e-01,2.318667351117034592e+00
-4.124550356206240664e+00,-2.238655900269353460e-01,2.297634344877924395e+00
-4.125285864068433561e+00,-2.309357986042806232e-01,2.276429571103415483e+00
-4.126172803774735165e+00,-2.380632223955443660e-01,2.255052775391906739e+00
-4.127213518470729703e+00,-2.452479413954170295e-01,2.233503709472795418e+00
-4.128410392112464855e+00,-2.524900333462016255e-01,2.211782131680808838e+00
-4.129765850451041942e+00,-2.597895735704729980e-01,2.189887807454071744e+00
-4.131282362043462442e+00,-2.671466347953843079e-01,2.167820509857120825e+00
-4.132962439290469803e+00,-2.745612869681939294e-01,2.145580020130134269e+00
-4.134808639502111305e+00,-2.820335970625653110e-01,2.123166128265724595e+00
-4.136823565991769591e+00,-2.895636288751657350e-01,2.100578633614705648e+00
-4.139009869199431257e+00,-2.971514428120665130e-01,2.077817345522326775e+00
-4.141370247844972319e+00,-3.047970956644185381e-01,2.054882083996545816e+00
-4.143907450112233271e+00,-3.125006403728498583e-01,2.031772680409996479e+00
-4.146624274864698201e+00,-3.202621257800009613e-01,2.008488978237402023e+00
-4.149523572893572876e+00,-3.280815963705818739e-01,1.985030833830274899e+00
-4.152608248199090468e+00,-3.359590919983014845e-01,1.961398117230848115e+00
-4.155881259305852282e+00,-3.438946475989838603e-01,1.937590713027288913e+00
-4.159345620613043693e+00,-3.518882928891486350e-01,1.913608521252359029e+00
-4.163004403780349527e+00,-3.599400520492933020e-01,1.889451458327803923e+00
-4.166860739150403781e+00,-3.680499433910718876e-01,1.865119458056881729e+00
-4.170917817208597889e+00,-3.762179790075214081e-01,1.840612472667570998e+00
-4.175178890081078009e+00,-3.844441644054391594e-01,1.815930473909146858e+00
-4.179647273071736890e+00,-3.927284981189659296e-01,1.791073454204951343e+00
-4.184326346239019223e+00,-4.010709713033753232e-01,1.766041427864354585e+00
-4.189219556013310530e+00,-4.094715673080157603e-01,1.740834432357059258e+00
-4.194330416855687638e+00,-4.179302612272920991e-01,1.715452529653084479e+00
-4.199662512958760807e+00,-4.264470194285115423e-01,1.689895807631947022e+00
-4.205219499990320742e+00,-4.350217990553538194e-01,1.664164381564757766e+00
-4.211005106880455706e+00,-4.436545475056547505e-01,1.638258395673155787e+00
-4.217023137652750719e+00,-4.523452018821205178e-01,1.612178024769226781e+00
-4.223277473300140805e+00,-4.610936884145117598e-01,1.585923475980780095e+00
-4.229772073705915680e+00,-4.698999218517548315e-01,1.559494990566608230e+00
-4.236510979610297767e+00,-4.787638048223515908e-01,1.532892845826607786e+00
-4.243498314622928369e+00,-4.876852271613674739e-01,1.506117357111919075e+00
-4.250738287281501826e+00,-4.966640652021822033e-01,1.479168879940523595e+00
-4.258235193156670206e+00,-5.057001810310849388e-01,1.452047812224051215e+00
-4.265993417003209665e+00,-5.147934217026897130e-01,1.424754596611861768e+00
-4.274017434957291250e+00,-5.239436184140334740e-01,1.397289722958812153e+00
-4.282311816779539093e+00,-5.331505856351013151e-01,1.369653730923469537e+00
-4.290881228143359039e+00,-5.424141201933965206e-01,1.341847212703913383e+00
-4.299730432967819205e+00,-5.517340003100436041e-01,1.313870815918657398e+00
-4.308864295794117005e+00,-5.611099845847732359e-01,1.285725246640645025e+00
-4.318287784204404289e+00,-5.705418109269910776e-01,1.257411272592705132e+00
-4.328005971281439379e+00,-5.800291954299837682e-01,1.228929726513310783e+00
-4.338024038107202607e+00,-5.895718311851497750e-01,1.200281509701972338e+00
-4.348347276298230923e+00,-5.991693870329816152e-01,1.171467595754092095e+00
-4.358981090575019479e+00,-6.088215062473437689e-01,1.142489034495639766e+00
-4.369931001362362899e+00,-6.185278051494127460e-01,1.113346956128558496e+00
-4.381202647417000939e+00,-6.282878716474517011e-01,1.084042575598384905e+00
-4.392801788478354119e+00,-6.381012636983937059e-01,1.054577197196167715e+00
-4.404734307937492765e+00,-6.479675076869992889e-01,1.024952219407391452e+00
-4.417006215518790135e+00,-6.578860967181416886e-01,9.951691400212588912e-01
-4.429623649967909138e+00,-6.678564888175482217e-01,9.652295615143537955e-01
-4.442592881738923971e+00,-6.778781050360982441e-01,9.351351967233988427e-01
-4.455920315672407206e+00,-6.879503274525415879e-01,9.048878748225324120e-01
-4.469612493655260366e+00,-6.980724970692598896e-01,8.744895476212576346e-01
-4.483676097251895420e+00,-7.082439115954461961e-01,8.439422961999618611e-01
-4.498117950295092093e+00,-7.184638231118256613e-01,8.132483379006609781e-01
-4.512945021423436565e+00,-7.287314356107906788e-01,7.824100336913872855e-01
-4.528164426550676858e+00,-7.390459024055648918e-01,7.514298959234074760e-01
-4.543783431250622229e+00,-7.494063234017617203e-01,7.203105965012223111e-01
-4.559809453039332716e+00,-7.598117422244509145e-01,6.890549754860509912e-01
-4.576250063534255119e+00,-7.702611431936063902e-01,6.576660501542389570e-01
-4.593112990467711931e+00,-7.807534481405750126e-01,6.261470245327317441e-01
-4.610406119529644187e+00,-7.912875130579892780e-01,5.945012994344180957e-01
-4.628137496011803798e+00,-8.018621245753477789e-01,5.627324830167499403e-01
-4.646315326222601350e+00,-8.124759962523149248e-01,5.308444018875776438e-01
-4.664947978638584125e+00,-8.231277646816492766e-01,4.988411127825726488e-01
-4.684043984754955758e+00,-8.338159853935686039e-01,4.667269148389303624e-01
-4.703612039593730643e+00,-8.445391285533048187e-01,4.345063624902174015e-01
-4.723661001823892924e+00,-8.552955744436105956e-01,4.021842790072283069e-01
-4.744199893443411753e+00,-8.660836087240515457e-01,3.697657707095030610e-01
-4.765237898968030628e+00,-8.769014174590814559e-01,3.372562418716950061e-01
-4.786784364066447139e+00,-8.877470819071566766e-01,3.046614103482172542e-01
-4.808848793575738689e+00,-8.986185730635238844e-01,2.719873239384842933e-01
-4.831440848824759549e+00,-9.095137459498300325e-01,2.392403775135450161e-01
-4.854570344186579511e+00,-9.204303336443783179e-01,2.064273309229032183e-01
-4.878247242773990244e+00,-9.313659410477141964e-01,1.735553276977702675e-01
-4.902481651184554146e+00,-9.423180383792990611e-01,1.406319145638025847e-01
-4.927283813193649387e+00,-9.532839544023467004e-01,1.076650617724520392e-01
-4.952664102285541325e+00,-9.642608693755010396e-01,7.466318425529326619e-02
-4.978633012903568300e+00,-9.752458077319469121e-01,4.163516359997188054e-02
-5.005201150291266110e+00,-9.862356304888321157e-01,8.590370839613802045e-03
-5.032379218786564579e+00,-9.972270273925650796e-01,-2.446130996049224182e-02
-5.060178008421254425e+00,-1.008216508808703393e+00,-5.750945734453100089e-02
-5.088608379667745929e+00,-1.019200397368809741e+00,-9.054308737265137630e-02
-5.117681246164917930e+00,-1.030174819390891949e+00,-1.235506278415047510e-01
-5.147407555244619459e+00,-1.041135696094901419e+00,-1.565198918825792818e-01
-5.177798266070472444e+00,-1.052078734640342850e+00,-1.894380510187234079e-01
-5.208864325191095546e+00,-1.062999419019360792e+00,-2.222916077781804944e-01
-5.240616639301113544e+00,-1.073893000845832502e+00,-2.550663679868677702e-01
-5.273066044995599277e+00,-1.084754490089033574e+00,-2.877474128837155809e-01
-5.306223275297339725e+00,-1.095578645809438978e+00,-3.203190712308193744e-01
-5.340098922731947084e+00,-1.106359966964219010e+00,-3.527648916201051033e-01
-5.374703398723876369e+00,-1.117092683361029959e+00,-3.850676152112964545e-01
-5.410046889087511524e+00,-1.127770746850809136e+00,-4.172091491722852430e-01
-5.446139305392294183e+00,-1.138387822863481835e+00,-4.491705411325661590e-01
-5.482990231990143570e+00,-1.148937282404733473e+00,-4.809319550031486701e-01
-5.520608868508106504e+00,-1.159412194647259753e+00,-5.124726485621456940e-01
-5.559003967630096632e+00,-1.169805320266078530e+00,-5.437709532537827739e-01
-5.598183768019867834e+00,-1.180109105684416182e+00,-5.748042566994309155e-01
-5.638155922273997867e+00,-1.190315678414180844e+00,-6.055489884718341376e-01
-5.678927419839801871e+00,-1.200416843692798885e+00,-6.359806097371354383e-01
-5.720504504889820652e+00,-1.210404082635884615e+00,-6.660736074225345194e-01
-5.762892589212951222e+00,-1.220268552142364182e+00,-6.958014936190691779e-01
-5.806096160263356509e+00,-1.230001086804731969e+00,-7.251368109774360970e-01
-5.850118684602861663e+00,-1.239592203091414602e+00,-7.540511448979625442e-01
-5.894962507081184633e+00,-1.249032106079969839e+00,-7.825151433514537791e-01
-5.940628746221355172e+00,-1.258310699028155621e+00,-8.104985451929924700e-01
-5.987117186414808501e+00,-1.267417596073765251e+00,-8.379702178428267700e-01
-6.034426167681267827e+00,-1.276342138352429822e+00,-8.648982052039453361e-01
-6.082552473911119861e+00,-1.285073413814164844e+00,-8.912497866612700825e-01
-6.131491220680443277e+00,-1.293600281003066232e+00,-9.169915479589395568e-01
-6.181235743907982361e+00,-1.301911397039030804e+00,-9.420894646762815183e-01
-6.231777490805040287e+00,-1.309995250004557965e+00,-9.665089989163446749e-01
-6.283105914748292165e+00,-1.317840195892567845e+00,-9.902152096802669945e-01
-6.335208375875573061e+00,-1.325434500211994271e+00,-1.013172877223976975e+00
-6.388070049358423041e+00,-1.332766384276226956e+00,-1.035346641479409913e+00
-6.441673843434264413e+00,-1.339824076115286866e+00,-1.056701154370514040e+00
-6.496000329376595772e+00,-1.346595865856443197e+00,-1.077201245566380639e+00
-6.551027685634109865e+00,-1.353070165310989337e+00,-1.096812100893309383e+00
-6.606731658369838556e+00,-1.359235571388958341e+00,-1.115499452280103831e+00
-6.663085540570570231e+00,-1.365080932841326478e+00,-1.133229777744276356e+00
-6.720060171767310742e+00,-1.370595419704142559e+00,-1.149970509551348608e+00
-6.777623960203730924e+00,-1.375768594695174984e+00,-1.165690248307485355e+00
-6.835742929008305602e+00,-1.380590485695890823e+00,-1.180358980391635670e+00
-6.894380787567174096e+00,-1.385051658345114456e+00,-1.193948295812932381e+00
-6.953499028862522024e+00,-1.389143287681041894e+00,-1.206431603308768752e+00
-7.013057053043353584e+00,-1.392857227700853295e+00,-1.217784339295032936e+00
-7.073012316944084610e+00,-1.396186077666989878e+00,-1.227984167157575746e+00
-7.133320508677607918e+00,-1.399123243980519016e+00,-1.237011163345981490e+00
-7.193935745823172745e+00,-1.401662996468084454e+00,-1.244847986806666196e+00
-7.254810795128110001e+00,-1.403800517991442121e+00,-1.251480028477538697e+00
-7.315897311070264308e+00,-1.405531946387585718e+00,-1.256895537861166590e+00
-7.377146090109429899e+00,-1.406854407881196201e+00,-1.261085724092393168e+00
-7.438507337014274690e+00,-1.407766041275995805e+00,-1.264044829408876636e+00
-7.499930939306683975e+00,-1.408266012422180635e+00,-1.265770173503113272e+00
-7.561366745634443554e+00,-1.408354518666620869e+00,-1.266262167861695209e+00
-7.622764843776732135e+00,-1.408032783212996852e+00,-1.265524299858058255e+00
-7.684075834010025474e+00,-1.407303039541877965e+00,-1.263563087033031440e+00
-7.745251093713137358e+00,-1.406168506257232664e+00,-1.260388002646937400e+00
-7.806243029361595198e+00,-1.404633352927644019e+00,-1.256011374192840702e+00
-7.867005312439806275e+00,-1.402702657670195752e+00,-1.250448257100513327e+00
-7.927493096266265304e+00,-1.400382357376461107e+00,-1.243716286316402186e+00
-7.987663211260802143e+00,-1.397679191598810489e+00,-1.235835508802838545e+00
-8.047474336759774971e+00,-1.394600641198642910e+00,-1.226828200251783407e+00
-8.106887148081126426e+00,-1.391154862905315870e+00,-1.216718669451916757e+00
-8.165864438133032976e+00,-1.387350620946365742e+00,-1.205533053785442288e+00
-8.224371213426447724e+00,-1.383197216888526038e+00,-1.193299109269794878e+00
-8.282374764875278572e+00,-1.378704418778719853e+00,-1.180045998410469865e+00
-8.339844714233958456e+00,-1.373882390599256986e+00,-1.165804078908191155e+00
-8.396753037420857879e+00,-1.368741622957020398e+00,-1.150604695981989334e+00
-8.453074066301157430e+00,-1.363292865817898436e+00,-1.134479980745590311e+00
-8.508784470752557283e+00,-1.357547063980350854e+00,-1.117462656723609671e+00
-8.563863223012631920e+00,-1.351515295860746368e+00,-1.099585856231230840e+00
-8.618291546412040205e+00,-1.345208716042358255e+00,-1.080882947979452613e+00
-8.672052850639374810e+00,-1.338638501923365087e+00,-1.061387376918831338e+00
-8.725132655668970116e+00,-1.331815804689868266e+00,-1.041132517006841507e+00
-8.777518506421337463e+00,-1.324751704740022351e+00,-1.020151537284265109e+00
-8.829199880125877087e+00,-1.317457171596392307e+00,-9.984772813789327683e-01
-8.880168088226186640e+00,-1.309943028266452369e+00,-9.761421603232686151e-01
-8.930416174517919359e+00,-1.302219919946006721e+00,-9.531780583763084236e-01
-8.979938811045348857e+00,-1.294298286907049844e+00,-9.296162513806209837e-01
-9.028732193112357862e+00,-1.286188341369643995e+00,-9.054873370582252612e-01
-9.076793934591913526e+00,-1.277900048125926169e+00,-8.808211765546730687e-01
-9.124122964550066328e+00,-1.269443108662372088e+00,-8.556468464739520607e-01
-9.170719426039523725e+00,-1.260826948512803414e+00,-8.299926006054043626e-01
-9.216584577766710140e+00,-1.252060707568181108e+00,-8.038858405239982519e-01
-9.261720699196704487e+00,-1.243153233068834629e+00,-7.773530942436013280e-01
-9.306130999533689163e+00,-1.234113075009328320e+00,-7.504200021161088197e-01
-9.349819530901168463e+00,-1.224948483694666912e+00,-7.231113091943360827e-01
-9.392791105946077579e+00,-1.215667409198050164e+00,-6.954508633107367999e-01
-9.435051220003956018e+00,-1.206277502484109920e+00,-6.674616181648164170e-01
-9.476605977887716747e+00,-1.196786117976778696e+00,-6.391656407574687337e-01
-9.517462025299570527e+00,-1.187200317367070657e+00,-6.105841225585749710e-01
-9.557626484813411594e+00,-1.177526874472584639e+00,-5.817373938435809189e-01
-9.597106896332341819e+00,-1.167772280977091182e+00,-5.526449406842091072e-01
-9.635911161892076748e+00,-1.157942752894791427e+00,-5.233254241270037799e-01
-9.674047494654676171e+00,-1.148044237619525232e+00,-4.937967011403195383e-01
-9.711524371917375831e+00,-1.138082421434151614e+00,-4.640758469551045096e-01
-9.748350491947435970e+00,-1.128062737369418089e+00,-4.341791784670236409e-01
-9.784534734444834569e+00,-1.117990373314788899e+00,-4.041222784068628782e-01
-9.820086124429760588e+00,-1.107870280295876420e+00,-3.739200200226304727e-01
-9.855013799350327730e+00,-1.097707180844301078e+00,-3.435865920502746418e-01
-9.889326979207211821e+00,-1.087505577395994294e+00,-3.131355237804997471e-01
-9.923034939495373408e+00,-1.077269760663202458e+00,-2.825797100568609999e-01
-9.956146986768338536e+00,-1.067003817933760645e+00,-2.519314360652700757e-01
-9.988672436637058283e+00,-1.056711641258658352e+00,-2.212024017973968915e-01
-1.002062059402300420e+01,-1.046396935495554237e+00,-1.904037460903680312e-01
-1.005200073549344886e+01,-1.036063226181773267e+00,-1.595460701628135802e-01
-1.008282209351560255e+01,-1.025713867215503949e+00,-1.286394605828788118e-01
-1.011309384247535093e+01,-1.015352048328455048e+00,-9.769351161747232004e-02
-1.014282508631534796e+01,-1.004980802337201329e+00,-6.671734692393921362e-02
-1.017202484765631887e+01,-9.946030121638824717e-01,-3.571964055569446655e-02
-1.020070205827429888e+01,-9.842214176198917919e-01,-4.708637262282670301e-03
-1.022886555081515425e+01,-9.738386219487381590e-01,2.630782792800399894e-02
-1.025652405163612713e+01,-9.634570981264334311e-01,5.732231084828180723e-02
-1.028368617467212864e+01,-9.530791949195962509e-01,8.832774005580409926e-02
-1.031036041623213428e+01,-9.427071427030018214e-01,1.193173994124136911e-01
-1.033655515063828645e+01,-9.323430590395912487e-01,1.502849113740030995e-01
-1.036227862662714116e+01,-9.219889540270057582e-01,1.812242209770842105e-01
-1.038753896443892266e+01,-9.116467354155667335e-01,2.121295805079838892e-01
-1.041234415352665721e+01,-9.013182135033028786e-01,2.429955348381184210e-01
-1.043670205082274194e+01,-8.910051058141592595e-01,2.738169074071852838e-01
-1.046062037950566648e+01,-8.807090415659227789e-01,3.045887868348868266e-01
-1.048410672821456124e+01,-8.704315659346918421e-01,3.353065141409094507e-01
-1.050716855066372446e+01,-8.601741441229139307e-01,3.659656705522773557e-01
-1.052981316561346503e+01,-8.499381652381290397e-01,3.965620658768370665e-01
-1.055204775715749399e+01,-8.397249459896082291e-01,4.270917274214718340e-01
-1.057387937529063571e+01,-8.295357342100635467e-01,4.575508894336602350e-01
-1.059531493672392699e+01,-8.193717122095515171e-01,4.879359830451494573e-01
-1.061636122591720799e+01,-8.092339999685961294e-01,5.182436266967919147e-01
-1.063702489630204795e+01,-7.991236581774291414e-01,5.484706170239643797e-01
-1.065731247167043350e+01,-7.890416911280928591e-01,5.786139201824391787e-01
-1.067723034770695278e+01,-7.789890494659783560e-01,6.086706635950878130e-01
-1.069678479364436186e+01,-7.689666328071805834e-01,6.386381281003546961e-01
-1.071598195402436104e+01,-7.589752922278549807e-01,6.685137404840343356e-01
-1.073482785054720345e+01,-7.490158326315498050e-01,6.982950663764997401e-01
-1.075332838399537039e+01,-7.390890150002737968e-01,7.279798034981688204e-01
-1.077148933621805682e+01,-7.291955585348453006e-01,7.575657752366361519e-01
-1.078931637216455286e+01,-7.193361426898474686e-01,7.870509245395475029e-01
-1.080681504195582754e+01,-7.095114091083014607e-01,8.164333081079363508e-01
-1.082399078298476525e+01,-6.997219634609523897e-01,8.457110908753822098e-01
-1.084084892203652117e+01,-6.899683771948521560e-01,8.748825407589806424e-01
-1.085739467742136455e+01,-6.802511891957183643e-01,9.039460236687278938e-01
-1.087363316111327016e+01,-6.705709073683443489e-01,9.328999987625286039e-01
-1.088956938088821325e+01,-6.609280101391391549e-01,9.617430139346185847e-01
-1.090520824245688836e+01,-6.513229478846896958e-01,9.904737015257629729e-01
-1.092055455158714139e+01,-6.417561442900470148e-01,1.019090774244139297e+00
-1.093561301621201132e+01,-6.322279976402679358e-01,1.047593021286346016e+00
-1.095038824851976322e+01,-6.227388820485668663e-01,1.075979304648484014e+00
-1.096488476702277559e+01,-6.132891486242716406e-01,1.104248555617754368e+00
-1.097910699860256045e+01,-6.038791265836191968e-01,1.132399771435481206e+00
-1.099305928052856274e+01,-5.945091243062748942e-01,1.160432012122922130e+00
-1.100674586244874753e+01,-5.851794303403163866e-01,1.188344397461659430e+00
-1.102017090835025392e+01,-5.758903143582839723e-01,1.216136104120777439e+00
-1.103333849848872639e+01,-5.666420280667684439e-01,1.243806362923426612e+00
-1.104625263128510504e+01,-5.574348060718811171e-01,1.271354456245745057e+00
-1.105891722518896003e+01,-5.482688667028322582e-01,1.298779715541474866e+00
-1.107133612050759019e+01,-5.391444127957286669e-01,1.326081518985941399e+00
-1.108351308120031575e+01,-5.300616324395952539e-01,1.353259289233397888e+00
-1.109545179663755299e+01,-5.210206996865186513e-01,1.380312491282034593e+00
-1.110715588332437420e+01,-5.120217752277171908e-01,1.407240630441256801e+00
-1.111862888658843040e+01,-5.030650070372453264e-01,1.434043250396105584e+00
-1.112987428223216213e+01,-4.941505309849544281e-01,1.460719931363960944e+00
-1.114089547814938719e+01,-4.852784714202462713e-01,1.487270288338923718e+00
-1.115169581590638614e+01,-4.764489417280773353e-01,1.513693969419503293e+00
-1.116227857228771825e+01,-4.676620448585961931e-01,1.539990654215466659e+00
-1.117264696080706088e+01,-4.589178738317244433e-01,1.566160052329921060e+00
-1.118280413318340116e+01,-4.502165122179242474e-01,1.592201901912901674e+00
-1.119275318078300074e+01,-4.415580345963312503e-01,1.618115968282931583e+00
-1.120249713602754937e+01,-4.329425069913701019e-01,1.643902042613198944e+00
-1.121203897376900294e+01,-4.243699872889131752e-01,1.669559940679176790e+00
-1.122138161263160860e+01,-4.158405256329876787e-01,1.695089501664665210e+00
-1.123052791632165714e+01,-4.073541648039842866e-01,1.720490587023399742e+00
-1.123948069490550949e+01,-3.989109405792726770e-01,1.745763079393509276e+00
-1.124824270605649090e+01,-3.905108820770812894e-01,1.770906881562251733e+00
-1.125681665627122463e+01,-3.821540120844557076e-01,1.795921915478583708e+00
-1.126520520205602871e+01,-3.738403473700677715e-01,1.820808121311248140e+00
-1.127341095108395663e+01,-3.655698989826090539e-01,1.845565456550179118e+00
-1.128143646332312855e+01,-3.573426725354633682e-01,1.870193895149137919e+00
-1.128928425213694098e+01,-3.491586684783191119e-01,1.894693426707598105e+00
-1.129695678535679626e+01,-3.410178823563476680e-01,1.919064055690000936e+00
-1.130445648632796285e+01,-3.329203050575432754e-01,1.943305800680593221e+00
-1.131178573492918282e+01,-3.248659230487886962e-01,1.967418693672154717e+00
-1.131894686856662879e+01,-3.168547186011830830e-01,1.991402779387001942e+00
-1.132594218314284618e+01,-3.088866700051418612e-01,2.015258114628744490e+00
-1.133277393400124922e+01,-3.009617517757519067e-01,2.038984767663334807e+00
-1.133944433684678899e+01,-2.930799348488420941e-01,2.062582817628038523e+00
-1.134595556864336530e+01,-2.852411867682054236e-01,2.086052353967008166e+00
-1.135230976848857587e+01,-2.774454718643877826e-01,2.109393475892219261e+00
-1.135850903846635518e+01,-2.696927514254381375e-01,2.132606291868580861e+00
-1.136455544447808386e+01,-2.619829838599941341e-01,2.155690919122099203e+00
-1.137045101705269623e+01,-2.543161248530601548e-01,2.178647483170020660e+00
-1.137619775213634377e+01,-2.466921275148162840e-01,2.201476117371937047e+00
-1.138179761186213490e+01,-2.391109425227800067e-01,2.224176962500890031e+00
-1.138725252530047172e+01,-2.315725182576277574e-01,2.246750166333547405e+00
-1.139256438919049685e+01,-2.240768009329670574e-01,2.269195883258583457e+00
-1.139773506865313024e+01,-2.166237347193366858e-01,2.291514273902422794e+00
-1.140276639788620905e+01,-2.092132618626988683e-01,2.313705504771563781e+00
-1.140766018084218736e+01,-2.018453227976743092e-01,2.335769747910719563e+00
-1.141241819188885387e+01,-1.945198562557589050e-01,2.357707180576062989e+00
-1.141704217645353303e+01,-1.872367993687498733e-01,2.379517984922892460e+00
-1.142153385165121904e+01,-1.799960877675976234e-01,2.401202347707064089e+00
-1.142589490689705123e+01,-1.727976556768894278e-01,2.422760459999577343e+00
-1.143012700450356078e+01,-1.656414360051617629e-01,2.444192516913715529e+00
-1.143423178026311327e+01,-1.585273604312276985e-01,2.465498717344187796e+00
-1.143821084401592003e+01,-1.514553594866979158e-01,2.486679263717728627e+00
-1.144206578020403242e+01,-1.444253626348652175e-01,2.507734361754652586e+00
-1.144579814841168108e+01,-1.374372983461139563e-01,2.528664220240870897e+00
-1.144940948389233171e+01,-1.304910941700088423e-01,2.549469050809912929e+00
-1.145290129808282842e+01,-1.235866768042099828e-01,2.570149067734503578e+00
-1.145627507910495346e+01,-1.167239721603543640e-01,2.590704487727281791e+00
-1.145953229225476910e+01,-1.099029054270372896e-01,2.611135529750255646e+00
-1.146267438048004905e+01,-1.031234011300213582e-01,2.631442414832609433e+00
-1.146570276484612982e+01,-9.638538318979429642e-02,2.651625365896500330e+00
-1.146861884499050177e+01,-8.968877497659172304e-02,2.671684607590494309e+00
-1.147142399956644354e+01,-8.303349936299549150e-02,2.691620366130307307e+00
-1.147411958667597531e+01,-7.641947877421301216e-02,2.711432869146538138e+00
-1.147670694429245408e+01,-6.984663523613840463e-02,2.731122345539085394e+00
-1.147918739067305260e+01,-6.331489042129165301e-02,2.750689025337964111e+00
-1.148156222476142929e+01,-5.682416569272734364e-02,2.770133139570241543e+00
-1.148383272658082710e+01,-5.037438214600090808e-02,2.789454920132830917e+00
-1.148600015761787319e+01,-4.396546064927583236e-02,2.808654599670890040e+00
-1.148806576119732092e+01,-3.759732188165185174e-02,2.827732411461587159e+00
-1.149003076284798119e+01,-3.126988636979043806e-02,2.846688589303000949e+00
-1.149189637066008274e+01,-2.498307452291050751e-02,2.865523367407936117e+00
-1.149366377563428010e+01,-1.873680666622405330e-02,2.884236980302447240e+00
-1.149533415202253828e+01,-1.253100307287823532e-02,2.902829662728865223e+00
-1.149690865766111258e+01,-6.365583994467577042e-03,2.921301649553142976e+00
-1.149838843429583335e+01,-2.404696901770985416e-04,2.939653175676328889e+00
-1.149977460789989259e+01,5.844419545385488510e-03,2.957884475949998038e+00
-1.150106828898433697e+01,1.188916335561293613e-02,2.975995785095472801e+00
-1.150227057290146782e+01,1.789384129652381999e-02,2.993987337626671241e+00
-1.150338254014131678e+01,2.385853281253925637e-02,3.011859367776433594e+00
-1.150440525662139457e+01,2.978331721336239038e-02,3.029612109426177646e+00
-1.150533977396988661e+01,3.566827365191412719e-02,3.047245796038742238e+00
-1.150618712980246094e+01,4.151348110328063196e-02,3.064760660594288755e+00
-1.150694834799286248e+01,4.731901834463002332e-02,3.082156935529129171e+00
-1.150762443893745868e+01,5.308496393605755675e-02,3.099434852677358521e+00
-1.150821639981387889e+01,5.881139620232024579e-02,3.116594643215175875e+00
-1.150872521483392141e+01,6.449839321542366610e-02,3.133636537607777939e+00
-1.150915185549086317e+01,7.014603277802528014e-02,3.150560765558724885e+00
-1.150949728080131784e+01,7.575439240761987214e-02,3.167367555961664305e+00
-1.150976243754178796e+01,8.132354932147470294e-02,3.184057136854325343e+00
-1.150994826048004782e+01,8.685358042228262521e-02,3.200629735374683538e+00
-1.151005567260148510e+01,9.234456228450345361e-02,3.217085577719204892e+00
-1.151008558533053439e+01,9.779657114136475204e-02,3.233424889103084787e+00
-1.151003889874732700e+01,1.032096828724943099e-01,3.249647893722399594e+00
-1.150991650179967429e+01,1.085839729921581898e-01,3.265754814718086152e+00
-1.150971927251051774e+01,1.139195166380788382e-01,3.281745874141680730e+00
-1.150944807818094162e+01,1.192163885608092250e-01,3.297621292922737979e+00
-1.150910377558887276e+01,1.244746631136395415e-01,3.313381290837862814e+00
-1.150868721118357563e+01,1.296944142430144775e-01,3.329026086481285507e+00
-1.150819922127604578e+01,1.348757154794395507e-01,3.344555897236921371e+00
-1.150764063222540479e+01,1.400186399288560757e-01,3.359970939251847533e+00
-1.150701226062139249e+01,1.451232602644652592e-01,3.375271427411138170e+00
-1.150631491346307200e+01,1.501896487189826046e-01,3.390457575314007155e+00
-1.150554938833382046e+01,1.552178770773044170e-01,3.405529595251195474e+00
-1.150471647357269944e+01,1.602080166695693531e-01,3.420487698183559022e+00
-1.150381694844231895e+01,1.651601383645984189e-01,3.435332093721800817e+00
-1.150285158329325341e+01,1.700743125636973441e-01,3.450062990107302774e+00
-1.150182113972510756e+01,1.749506091948062614e-01,3.464680594194011309e+00
-1.150072637074431725e+01,1.797890977069819263e-01,3.479185111431331023e+00
-1.149956802091875652e+01,1.845898470651986811e-01,3.493576745847984277e+00
-1.149834682652923767e+01,1.893529257454542314e-01,3.507855700036796698e+00
-1.149706351571797569e+01,1.940784017301678543e-01,3.522022175140369971e+00
-1.149571880863409490e+01,1.987663425038582732e-01,3.536076370837604177e+00
-1.149431341757623670e+01,2.034168150490894555e-01,3.550018485331031926e+00
-1.149284804713236596e+01,2.080298858426727904e-01,3.563848715334931860e+00
-1.149132339431680982e+01,2.126056208521147350e-01,3.577567256064189127e+00
-1.148974014870462668e+01,2.171440855322996355e-01,3.591174301223869048e+00
-1.148809899256334432e+01,2.216453448223971445e-01,3.604670042999473356e+00
-1.148640060098214910e+01,2.261094631429849122e-01,3.618054672047851916e+00
-1.148464564199858096e+01,2.305365043933771119e-01,3.631328377488738823e+00
-1.148283477672278252e+01,2.349265319491499193e-01,3.644491346896888917e+00
-1.148096865945938738e+01,2.392796086598550920e-01,3.657543766294786725e+00
-1.147904793782707422e+01,2.435957968469139034e-01,3.670485820145904299e+00
-1.147707325287585789e+01,2.478751583016829407e-01,3.683317691348481304e+00
-1.147504523920217245e+01,2.521177542836846586e-01,3.696039561229806480e+00
-1.147296452506179421e+01,2.563236455189950025e-01,3.708651609540980942e+00
-1.147083173248064902e+01,2.604928921987812451e-01,3.721154014452136671e+00
-1.146864747736357337e+01,2.646255539779833188e-01,3.733546952548091991e+00
-1.146641236960105026e+01,2.687216899741321496e-01,3.745830598824427149e+00
-1.146412701317399119e+01,2.727813587662988315e-01,3.758005126683956920e+00
-1.146179200625659433e+01,2.768046183941683114e-01,3.770070707933584231e+00
-1.145940794131733931e+01,2.807915263572322018e-01,3.782027512781519718e+00
-1.145697540521814162e+01,2.847421396140952798e-01,3.793875709834844567e+00
-1.145449497931172189e+01,2.886565145818901779e-01,3.805615466097406863e+00
-1.145196723953723961e+01,2.925347071357947693e-01,3.817246946968031462e+00
-1.144939275651420907e+01,2.963767726086482535e-01,3.828770316239030969e+00
-1.144677209563475806e+01,3.001827657906604441e-01,3.840185736095004909e+00
-1.144410581715425756e+01,3.039527409292102078e-01,3.851493367111906707e+00
-1.144139447628035633e+01,3.076867517287283360e-01,3.862693368256375326e+00
-1.143863862326047709e+01,3.113848513506610183e-01,3.873785896885309832e+00
-1.143583880346777271e+01,3.150470924135095330e-01,3.884771108745679769e+00
-1.143299555748562213e+01,3.186735269929428793e-01,3.895649157974560239e+00
-1.143010942119066264e+01,3.222642066219786883e-01,3.906420197099373937e+00
-1.142718092583441347e+01,3.258191822912299696e-01,3.917084377038338783e+00
-1.142421059812351380e+01,3.293385044492133096e-01,3.927641847101102979e+00
-1.142119896029861081e+01,3.328222230027156892e-01,3.938092754989560795e+00
-1.141814653021192072e+01,3.362703873172168123e-01,3.948437246798840228e+00
-1.141505382140350555e+01,3.396830462173635601e-01,3.958675467018450522e+00
-1.141192134317628870e+01,3.430602479874941824e-01,3.968807558533583801e+00
-1.140874960066983057e+01,3.464020403722083974e-01,3.978833662626560130e+00
-1.140553909493290519e+01,3.497084705769821222e-01,3.988753918978407587e+00
