2.000000000000000000e+00,1.000000000000000000e+00,-1.000000000000000000e+00
1.949913414795592992e+00,9.999134494718705524e-01,-9.999566033689638589e-01
1.899653094243074714e+00,9.996514541752864469e-01,-9.998252395198293785e-01
1.849217932077538595e+00,9.992092531706950886e-01,-9.996035237440861199e-01
1.798606871914394389e+00,9.985819362237875474e-01,-9.992889966078239983e-01
1.747818912755728205e+00,9.977644392443985044e-01,-9.988791216706601750e-01
1.696853114910759075e+00,9.967515396664090588e-01,-9.983712831751809791e-01
1.645708606357308756e+00,9.955378517805486549e-01,-9.977627837128438815e-01
1.594384589572492628e+00,9.941178220340564087e-01,-9.970508418733118328e-01
1.542880348862102347e+00,9.924857243134648233e-01,-9.962325898853446882e-01
1.491195258219388142e+00,9.906356552293322792e-01,-9.953050712586536397e-01
1.439328789745113690e+00,9.885615294246015150e-01,-9.942652384375453289e-01
1.387280522661841209e+00,9.862570749314145679e-01,-9.931099504787628263e-01
1.335050152956366087e+00,9.837158286047064104e-01,-9.918359707676704939e-01
1.282637503685032598e+00,9.809311316647419954e-01,-9.904399647888525449e-01
1.230042535977268647e+00,9.778961253849886015e-01,-9.889184979693060873e-01
1.177265360773034786e+00,9.746037469663429986e-01,-9.872680336147230395e-01
1.124306251329944439e+00,9.710467256437931294e-01,-9.854849309618827213e-01
1.071165656535488342e+00,9.672175790770939363e-01,-9.835654433729272839e-01
1.017844215059030555e+00,9.631086100830071883e-01,-9.815057167002744221e-01
9.643427703769487103e-01,9.587119037730978954e-01,-9.793017878541441235e-01
9.106623867023632135e-01,9.540193251680082476e-01,-9.769495836081395490e-01
8.568043658482389358e-01,9.490225173665377545e-01,-9.744449196820232917e-01
8.027702650491310710e-01,9.437129003557411799e-01,-9.717835001447757692e-01
7.485619157623469855e-01,9.380816705565822033e-01,-9.689609171851834013e-01
6.941814434636747189e-01,9.321198012084237483e-01,-9.659726513015758353e-01
6.396312884459239845e-01,9.258180437047245359e-01,-9.628140719668826231e-01
5.849142276201805268e-01,9.191669300016869215e-01,-9.594804388298635578e-01
5.300333973097112183e-01,9.121567762311413308e-01,-9.559669035181441732e-01
4.749923170146979068e-01,9.047776876585377215e-01,-9.522685121134851771e-01
4.197949141122434003e-01,8.970195651363735978e-01,-9.483802083744468092e-01
3.644455494401948603e-01,8.888721132125131374e-01,-9.442968377861800100e-01
3.089490436951037311e-01,8.803248500613941596e-01,-9.400131525213556438e-01
2.533107045539230162e-01,8.713671194137869724e-01,-9.355238174000845008e-01
1.975363544056986387e-01,8.619881046672018821e-01,-9.308234169399098867e-01
1.416323585534452478e-01,8.521768453638445262e-01,-9.259064635893653472e-01
8.560565371755625430e-02,8.419222562257213660e-01,-9.207674072399594234e-01
2.946377664049564665e-02,8.312131489365844894e-01,-9.154006461115049564e-01
-2.678510744174693661e-02,8.200382568572969211e-01,-9.098005391041737999e-01
-8.313217673269324148e-02,8.083862628542678452e-01,-9.039614197072138868e-01
-1.395679255230502513e-01,7.962458304091857286e-01,-8.978776115485691545e-01
-1.960821379037473999e-01,7.836056381616597344e-01,-8.915434456613589020e-01
-2.526638629367120581e-01,7.704544180138638287e-01,-8.849532795319345890e-01
-3.093013917176654082e-01,7.567809968971608292e-01,-8.781015179796942682e-01
-3.659822368063691544e-01,7.425743422643172886e-01,-8.709826359006737073e-01
-4.226931145389177802e-01,7.278236113267405605e-01,-8.635912028848626854e-01
-4.794199307723986947e-01,7.125182040037346676e-01,-8.559219096909956859e-01
-5.361477706428627865e-01,6.966478194898306775e-01,-8.479695965321089046e-01
-5.928608929411947059e-01,6.802025162767784128e-01,-8.397292830904353744e-01
-6.495427297260994992e-01,6.631727753890800381e-01,-8.311962001413601975e-01
-7.061758917968768978e-01,6.455495665066371958e-01,-8.223658226235049939e-01
-7.627421806387154612e-01,6.273244165562382735e-01,-8.132339039460806385e-01
-8.192226074277496606e-01,6.084894802567640815e-01,-8.037965112762086584e-01
-8.755974196400506671e-01,5.890376120031630691e-01,-7.940500614989729478e-01
-9.318461357463507788e-01,5.689624383739997349e-01,-7.839913574928060180e-01
-9.879475883913176881e-01,5.482584304497647443e-01,-7.736176243139616382e-01
-1.043879976351892669e+00,5.269209750376714352e-01,-7.629265448380383452e-01
-1.099620925443615560e+00,5.049464438172418523e-01,-7.519162943657420328e-01
-1.155147558397896068e+00,4.823322593537551772e-01,-7.405855736663842226e-01
-1.210436573568779206e+00,4.590769568778194087e-01,-7.289336399081248752e-01
-1.265464332147888893e+00,4.351802407030406772e-01,-7.169603349107321888e-01
-1.320206953375057335e+00,4.106430341537502526e-01,-7.046661101565317997e-01
-1.374640417034802997e+00,3.854675219041409084e-01,-6.920520480098169003e-01
-1.428740672331457517e+00,3.596571836912103581e-01,-6.791198786254166730e-01
-1.482483752045217651e+00,3.332168184577442571e-01,-6.658719920739540887e-01
-1.535845890695031857e+00,3.061525581080025704e-01,-6.523114452744525060e-01
-1.588803645279479371e+00,2.784718702161305126e-01,-6.384419634035690683e-01
-1.641334017040794402e+00,2.501835492124049876e-01,-6.242679355432204646e-01
-1.693414572606396273e+00,2.212976957805405376e-01,-6.097944044323965196e-01
-1.745023562811987450e+00,1.918256844243521053e-01,-5.950270503014789547e-01
-1.796140037504299292e+00,1.617801193969065354e-01,-5.799721688848167300e-01
-1.846743954661872245e+00,1.311747794219065844e-01,-5.646366438256474884e-01
-1.896816282258827258e+00,1.000245518670656586e-01,-5.490279138025254690e-01
-1.946339091427311097e+00,6.834535724434508130e-02,-5.331539348140480472e-01
-1.995295639645022545e+00,3.615406510435767440e-02,-5.170231381549932337e-01
-2.043670442879016225e+00,3.468402555181582768e-03,-5.006443846985617618e-01
-2.091449335848353019e+00,-2.969314323619721627e-02,-4.840269161635294415e-01
-2.138619519817599013e+00,-6.331142711243252508e-02,-4.671803040898304671e-01
-2.185169597591544388e+00,-9.736675106867002938e-02,-4.501143972703756102e-01
-2.231089595639615730e+00,-1.318389709667693865e-01,-4.328392683906647220e-01
-2.276370973527477304e+00,-1.667076033501832533e-01,-4.153651606117644834e-01
-2.321006621065378805e+00,-2.019519309572891941e-01,-3.977024347980794294e-01
-2.364990843791110908e+00,-2.375511056312499814e-01,-3.798615180413004722e-01
-2.408319337584814424e+00,-2.734842474510163490e-01,-3.618528540687276362e-01
-2.450989153359654171e+00,-3.097305390547359649e-01,-3.436868560508999915e-01
-2.492998652884577115e+00,-3.462693142871815510e-01,-3.253738622433356986e-01
-2.534347456872608984e+00,-3.830801404705252988e-01,-3.069240948133530877e-01
-2.575036386511414754e+00,-4.201428937669161034e-01,-2.883476221183877697e-01
-2.615067399624395605e+00,-4.574378272665207690e-01,-2.696543246196097532e-01
-2.654443522633580521e+00,-4.949456315914312898e-01,-2.508538645362541342e-01
-2.693168779453825490e+00,-5.326474879504685678e-01,-2.319556592737299361e-01
-2.731248118385626533e+00,-5.705251137097123726e-01,-2.129688585936313217e-01
-2.768687337995547892e+00,-6.085608006567618800e-01,-1.939023254371375904e-01
-2.805493012883221837e+00,-6.467374462323296491e-01,-1.747646202654360992e-01
-2.841672420136160060e+00,-6.850385780806043101e-01,-1.555639887418285849e-01
-2.877233467171977921e+00,-7.234483723303268832e-01,-1.363083525498711424e-01
-2.912184621565277354e+00,-7.619516660626610705e-01,-1.170053031197728910e-01
-2.946534843356180211e+00,-8.005339644510333086e-01,-9.766209802067730983e-02
-2.980293520241495298e+00,-8.391814430737607466e-01,-7.828565976857834730e-02
-3.013470405959494336e+00,-8.778809459042122842e-01,-5.888257679761409180e-02
-3.046075562096464129e+00,-9.166199794772438292e-01,-3.945910634543901147e-02
-3.078119303468378476e+00,-9.553867037164927023e-01,-2.002117901041864517e-02
-3.109612147164621643e+00,-9.941699198864770715e-01,-5.744047486753410536e-04
-3.140564765282767290e+00,-1.032959056107900730e+00,1.887591990823905830e-02
-3.170987941333824889e+00,-1.071744150845499011e+00,3.832480361976052519e-02
-3.200892530255752266e+00,-1.110515834746428121e+00,5.776755117588801974e-02
-3.230289421938878469e+00,-1.149265311174646476e+00,7.719975378272331268e-02
-3.259189508139603397e+00,-1.187984335753856868e+00,9.661727885035281682e-02
-3.287603652637669072e+00,-1.226665195199087233e+00,1.160162594232127947e-01
-3.315542664476736956e+00,-1.265300685685464055e+00,1.353930833773220044e-01
-3.343017274117290771e+00,-1.303884090972608822e+00,1.547443824937062284e-01
-3.370038112324335700e+00,-1.342409160474667962e+00,1.740670215031328572e-01
-3.396615691609351728e+00,-1.380870087439507454e+00,1.933580871840305804e-01
-3.422760390045899825e+00,-1.419261487376164421e+00,2.126148775832489290e-01
-3.448482437280659507e+00,-1.457578376847321389e+00,2.318348914181468379e-01
-3.473791902565959155e+00,-1.495816152723349557e+00,2.510158177083844366e-01
-3.498698684645712209e+00,-1.533970571976306596e+00,2.701555256767074198e-01
-3.523212503333621459e+00,-1.572037732076095873e+00,2.892520549499201787e-01
-3.547342892630328315e+00,-1.610014052036690790e+00,3.083036060840856352e-01
-3.571099195234534562e+00,-1.647896254147788619e+00,3.273085314317156214e-01
-3.594490558311809192e+00,-1.685681346416343374e+00,3.462653263632511913e-01
-3.617525930393628464e+00,-1.723366605733005485e+00,3.651726208504190163e-01
-3.640214059287992576e+00,-1.760949561770443150e+00,3.840291714150141922e-01
-3.662563490891667772e+00,-1.798427981613685667e+00,4.028338534432401863e-01
-3.684582568802522662e+00,-1.835799855116901469e+00,4.215856538628672268e-01
-3.706279434638597436e+00,-1.873063380976272452e+00,4.402836641780898397e-01
-3.727662028978317554e+00,-1.910216953504746407e+00,4.589270738550197404e-01
-3.748738092843665548e+00,-1.947259150091324997e+00,4.775151640491837601e-01
-3.769515169655101694e+00,-1.984188719325088890e+00,4.960473016651670286e-01
-3.790000607593575044e+00,-2.021004569762286707e+00,5.145229337375958334e-01
-3.810201562311082757e+00,-2.057705759313431138e+00,5.329415821219634086e-01
-3.830124999936923569e+00,-2.094291485226385419e+00,5.513028384833188467e-01
-3.849777700332066566e+00,-2.130761074640846520e+00,5.696063595705427307e-01
-3.869166260548909442e+00,-2.167113975689324956e+00,5.878518627637863148e-01
-3.888297098458191492e+00,-2.203349749119706047e+00,6.060391218826315374e-01
-3.907176456508914431e+00,-2.239468060414655071e+00,6.241679632426215818e-01
-3.925810405590894003e+00,-2.275468672383473834e+00,6.422382619479820587e-01
-3.944204848972979960e+00,-2.311351438202525976e+00,6.602499384086023548e-01
-3.962365526293103013e+00,-2.347116294880941645e+00,6.782029550696458964e-01
-3.980298017579141590e+00,-2.382763257129007606e+00,6.960973133425019110e-01
-3.998007747282158686e+00,-2.418292411607411374e+00,7.139330507261690828e-01
-4.015499988305882617e+00,-2.453703911536298410e+00,7.317102381085635043e-01
-4.032779866018391779e+00,-2.488997971643949647e+00,7.494289772376558911e-01
-4.049852362233851366e+00,-2.524174863435733940e+00,7.670893983527723448e-01
-4.066722319153840637e+00,-2.559234910764848880e+00,7.846916579668214986e-01
-4.083394443259314777e+00,-2.594178485687231195e+00,8.022359367906400918e-01
-4.099873309145624312e+00,-2.629006004583859912e+00,8.197224377910740101e-01
-4.116163363294204736e+00,-2.663717924534529491e+00,8.371513843748319417e-01
-4.132268927775639256e+00,-2.698314739927966333e+00,8.545230186905561354e-01
-4.148194203879768338e+00,-2.732796979293984130e+00,8.718376000419540972e-01
-4.163943275669342192e+00,-2.767165202344123998e+00,8.890954034052180877e-01
-4.179520113454499253e+00,-2.801419997207983847e+00,9.062967180443350923e-01
-4.194928577185998542e+00,-2.835561977853149340e+00,9.234418462182428788e-01
-4.210172419765724428e+00,-2.869591781677327980e+00,9.405311019741342538e-01
-4.225255290273500108e+00,-2.903510067261941163e+00,9.575648100215367053e-01
-4.240180737109692899e+00,-2.937317512277060061e+00,9.745433046821092571e-01
-4.254952211053479871e+00,-2.971014811528160493e+00,9.914669289103948957e-01
-4.269573068237000335e+00,-3.004602675135740419e+00,1.008336033381050045e+00
-4.284046573035895200e+00,-3.038081826839383659e+00,1.025150975638341677e+00
-4.298375900876995281e+00,-3.071453002418357503e+00,1.041912119303955553e+00
-4.312564140964138204e+00,-3.104716948221317274e+00,1.058619833339403016e+00
-4.326614298923272095e+00,-3.137874419798140302e+00,1.075274491359535567e+00
-4.340529299368157901e+00,-3.170926180627349655e+00,1.091876470993897064e+00
-4.354311988388108290e+00,-3.203873000932984105e+00,1.108426153292843663e+00
-4.367965135959312128e+00,-3.236715656585157586e+00,1.124923922175549595e+00
-4.381491438281369000e+00,-3.269454928078907585e+00,1.141370163917203584e+00
-4.394893520040733748e+00,-3.302091599586275183e+00,1.157765266672861060e+00
-4.408173936602810983e+00,-3.334626458076868971e+00,1.174109620035585833e+00
-4.421335176134485678e+00,-3.367060292502471075e+00,1.190403614626655227e+00
-4.434379661658896410e+00,-3.399393893041520176e+00,1.206647641715750341e+00
-4.447309753044270231e+00,-3.431628050399571972e+00,1.222842092869183439e+00
-4.460127748928653268e+00,-3.463763555162080010e+00,1.238987359624334150e+00
-4.472835888582342712e+00,-3.495801197196079180e+00,1.255083833188588738e+00
-4.485436353709856050e+00,-3.527741765097566429e+00,1.271131904161181492e+00
-4.497931270193214814e+00,-3.559586045681574440e+00,1.287131962276442332e+00
-4.510322709778336936e+00,-3.591334823512134289e+00,1.303084396167048187e+00
-4.522612691706270560e+00,-3.622988880469493189e+00,1.318989593145968753e+00
-4.534803184291010147e+00,-3.654548995352124408e+00,1.334847939005878725e+00
-4.546896106445574404e+00,-3.686015943511226745e+00,1.350659817834891419e+00
-4.558893329158008711e+00,-3.717390496515552645e+00,1.366425611847538857e+00
-4.570796676918933876e+00,-3.748673421844546105e+00,1.382145701229997581e+00
-4.582607929102217703e+00,-3.779865482607900784e+00,1.397820463998621365e+00
-4.594328821300326382e+00,-3.810967437289767279e+00,1.413450275870903550e+00
-4.605961046615850485e+00,-3.841980039515954015e+00,1.429035510148053412e+00
-4.617506256910679951e+00,-3.872904037842574532e+00,1.444576537608418310e+00
-4.628966064014242932e+00,-3.903740175564687220e+00,1.460073726411040607e+00
-4.640342040892201148e+00,-3.934489190543577930e+00,1.475527442008679246e+00
-4.651635722776934934e+00,-3.965151815051412232e+00,1.490938047069677808e+00
-4.662848608261136896e+00,-3.995728775632076513e+00,1.506305901408094838e+00
-4.673982160355754090e+00,-4.026220792977094121e+00,1.521631361921556458e+00
-4.685037807513521280e+00,-4.056628581815592938e+00,1.536914782536326074e+00
-4.696016944619250566e+00,-4.086952850817342053e+00,1.552156514159120926e+00
-4.706920933948038233e+00,-4.117194302507969361e+00,1.567356904635233139e+00
-4.717751106092477720e+00,-4.147353633195514533e+00,1.582516298712549174e+00
-4.728508760859957860e+00,-4.177431532907528222e+00,1.597635038011082420e+00
-4.739195168141073999e+00,-4.207428685337994523e+00,1.612713460997663439e+00
-4.749811568750140545e+00,-4.237345767803384788e+00,1.627751902965453690e+00
-4.760359175238781049e+00,-4.267183451207222866e+00,1.642750696017969636e+00
-4.770839172683499108e+00,-4.296942400012564889e+00,1.657710169057325489e+00
-4.781252719448142230e+00,-4.326623272221842953e+00,1.672630647776418789e+00
-4.791600947922107778e+00,-4.356226719363573530e+00,1.687512454654800598e+00
-4.801884965235116987e+00,-4.385753386485448324e+00,1.702355908957984276e+00
-4.812105853949365297e+00,-4.415203912153377708e+00,1.717161326739961469e+00
-4.822264672729809298e+00,-4.444578928456068390e+00,1.731929020848706147e+00
-4.832362456993328337e+00,-4.473879061014765846e+00,1.746659300934452874e+00
-4.842400219537485562e+00,-4.503104928997798240e+00,1.761352473460551238e+00
-4.852378951149560748e+00,-4.532257145139603871e+00,1.776008841716700370e+00
-4.862299621196529920e+00,-4.561336315763919735e+00,1.790628705834375944e+00
-4.872163178196623257e+00,-4.590343040810855868e+00,1.805212362804271331e+00
-4.881970550373074147e+00,-4.619277913867574803e+00,1.819760106495576180e+00
-4.891722646190666879e+00,-4.648141522202323017e+00,1.834272227676923439e+00
-4.901420354875643426e+00,-4.676934446801570111e+00,1.848749014038842065e+00
-4.911064546919532425e+00,-4.705657262410027464e+00,1.863190750217553759e+00
-4.920656074567432370e+00,-4.734310537573324318e+00,1.877597717819964318e+00
-4.930195772291270373e+00,-4.762894834683129019e+00,1.891970195449700576e+00
-4.939684457248538330e+00,-4.791410710024516462e+00,1.906308458734051747e+00
-4.949122929726996745e+00,-4.819858713825384555e+00,1.920612780351682147e+00
-4.958511973575806309e+00,-4.848239390307733210e+00,1.934883430060987619e+00
-4.967852356623563281e+00,-4.876553277740626413e+00,1.949120674728975988e+00
-4.977144831083658794e+00,-4.904800908494657996e+00,1.963324778360560519e+00
-4.986390133947411485e+00,-4.932982809097763877e+00,1.977496002128162900e+00
-4.995588987365375822e+00,-4.961099500292204034e+00,1.991634604401532505e+00
-5.004742099017235546e+00,-4.989151497092580989e+00,2.005740840777693101e+00
-5.013850162470669503e+00,-5.017139308844723367e+00,2.019814964110942412e+00
-5.022913857529570869e+00,-5.045063439285313756e+00,2.033857224542835684e+00
-5.031933850571978617e+00,-5.072924386602116087e+00,2.047867869532092655e+00
-5.040910794878086243e+00,-5.100722643494681741e+00,2.061847143884376177e+00
-5.049845330948657285e+00,-5.128458697235413588e+00,2.075795289781898312e+00
-5.058738086814178025e+00,-5.156133029730879613e+00,2.089712546812816818e+00
-5.067589678335080450e+00,-5.183746117583268642e+00,2.103599152000395378e+00
-5.076400709493317898e+00,-5.211298432151900251e+00,2.117455339831899153e+00
-5.085171772675613155e+00,-5.238790439614692929e+00,2.131281342287210556e+00
-5.093903448948644552e+00,-5.266222601029517669e+00,2.145077388867153712e+00
-5.102596308326453389e+00,-5.293595372395362375e+00,2.158843706621513370e+00
-5.111250910030338268e+00,-5.320909204713233365e+00,2.172580520176752739e+00
-5.119867802741474350e+00,-5.348164544046750457e+00,2.186288051763419116e+00
-5.128447524846523997e+00,-5.375361831582364580e+00,2.199966521243248874e+00
-5.136990604676450189e+00,-5.402501503689173035e+00,2.213616146135963803e+00
-5.145497560738768072e+00,-5.429583991978266688e+00,2.227237141645777019e+00
-5.153968901943451364e+00,-5.456609723361598441e+00,2.240829720687603110e+00
-5.162405127822695228e+00,-5.483579120110325000e+00,2.254394093912988062e+00
-5.170806728744731906e+00,-5.510492599912600653e+00,2.267930469735765175e+00
-5.179174186121900725e+00,-5.537350575930806151e+00,2.281439054357444096e+00
-5.187507972613143892e+00,-5.564153456858187852e+00,2.294920051792340487e+00
-5.195808552321106610e+00,-5.590901646974899997e+00,2.308373663892460126e+00
-5.204076380984015593e+00,-5.617595546203427048e+00,2.321800090372140524e+00
-5.212311906162490516e+00,-5.644235550163391402e+00,2.335199528832459404e+00
-5.220515567421452729e+00,-5.670822050225726940e+00,2.348572174785414912e+00
-5.228687796507271557e+00,-5.697355433566221095e+00,2.361918221677890450e+00
-5.236829017520300944e+00,-5.723836083218426296e+00,2.375237860915403232e+00
-5.244939647082937917e+00,-5.750264378125927500e+00,2.388531281885643676e+00
-5.253020094503346726e+00,-5.776640693193976439e+00,2.401798671981814071e+00
-5.261070761934961482e+00,-5.802965399340493491e+00,2.415040216625764291e+00
-5.269092044531911156e+00,-5.829238863546434501e+00,2.428256099290933445e+00
-5.277084330600469109e+00,-5.855461448905533217e+00,2.441446501525094792e+00
-5.285048001746655899e+00,-5.881633514673412222e+00,2.454611602972911033e+00
-5.292983433020093997e+00,-5.907755416316081920e+00,2.467751581398297755e+00
-5.300890993054235167e+00,-5.933827505557816906e+00,2.480866612706598140e+00
-5.308771044203055567e+00,-5.959850130428431925e+00,2.493956870966568484e+00
-5.316623942674325143e+00,-5.985823635309944990e+00,2.507022528432174990e+00
-5.324450038659541917e+00,-6.011748360982648087e+00,2.520063755564202701e+00
-5.332249676460630639e+00,-6.037624644670589902e+00,2.533080721051672146e+00
-5.340023194613493729e+00,-6.063452820086462580e+00,2.546073591833070360e+00
-5.347770926008505121e+00,-6.089233217475922721e+00,2.559042533117387386e+00
-5.355493198008034028e+00,-6.114966163661329723e+00,2.571987708404963158e+00
-5.363190332561071472e+00,-6.140651982084921023e+00,2.584909279508138091e+00
-5.370862646315054612e+00,-6.166290992851429564e+00,2.597807406571714495e+00
-5.378510450724952818e+00,-6.191883512770146147e+00,2.610682248093216362e+00
-5.386134052159698093e+00,-6.217429855396432892e+00,2.623533960942956433e+00
-5.393733752006034443e+00,-6.242930331072699346e+00,2.636362700383903857e+00
-5.401309846769850154e+00,-6.268385246968839475e+00,2.649168620091349791e+00
-5.408862628175063136e+00,-6.293794907122141957e+00,2.661951872172375833e+00
-5.416392383260135723e+00,-6.319159612476677346e+00,2.674712607185117719e+00
-5.423899394472270430e+00,-6.344479660922168307e+00,2.687450974157826966e+00
-5.431383939759352408e+00,-6.369755347332347384e+00,2.700167120607728677e+00
-5.438846292659711423e+00,-6.394986963602809382e+00,2.712861192559674173e+00
-5.446286722389743318e+00,-6.420174798688367268e+00,2.725533334564586241e+00
-5.453705493929460246e+00,-6.445319138639910683e+00,2.738183689717700986e+00
-5.461102868106027408e+00,-6.470420266640776852e+00,2.750812399676602737e+00
-5.468479101675330689e+00,-6.495478463042638317e+00,2.763419604679047570e+00
-5.475834447401638272e+00,-6.520494005400914617e+00,2.776005443560585650e+00
-5.483169154135394407e+00,-6.545467168509711442e+00,2.788570053771971757e+00
-5.490483466889209296e+00,-6.570398224436292622e+00,2.801113571396368851e+00
-5.497777626912081494e+00,-6.595287442555091140e+00,2.813636131166348253e+00
-5.505051871761909688e+00,-6.620135089581263621e+00,2.826137866480677996e+00
-5.512306435376326696e+00,-6.644941429603798966e+00,2.838618909420908665e+00
-5.519541548141909004e+00,-6.669706724118171337e+00,2.851079390767751409e+00
-5.526757436961805325e+00,-6.694431232058565051e+00,2.863519440017250783e+00
-5.533954325321821521e+00,-6.719115209829656266e+00,2.875939185396755970e+00
-5.541132433354996500e+00,-6.743758911337965678e+00,2.888338753880685061e+00
-5.548291977904727723e+00,-6.768362588022791115e+00,2.900718271206090826e+00
-5.555433172586457857e+00,-6.792926488886717351e+00,2.913077861888022202e+00
-5.562556227847986534e+00,-6.817450860525706702e+00,2.925417649234687723e+00
-5.569661351028419638e+00,-6.841935947158790832e+00,2.937737755362419545e+00
-5.576748746415806757e+00,-6.866381990657346890e+00,2.950038301210441194e+00
-5.583818615303492550e+00,-6.890789230573981961e+00,2.962319406555439905e+00
-5.590871156045222001e+00,-6.915157904171016945e+00,2.974581190025942679e+00
-5.597906564109022653e+00,-6.939488246448585862e+00,2.986823769116503158e+00
-5.604925032129902895e+00,-6.963780490172344351e+00,2.999047260201695764e+00
-5.611926749961391181e+00,-6.988034865900805137e+00,3.011251778549919766e+00
-5.618911904725950812e+00,-7.012251602012294249e+00,3.023437438337019501e+00
-5.625880680864288053e+00,-7.036430924731534198e+00,3.035604352659715843e+00
-5.632833260183601531e+00,-7.060573058155865667e+00,3.047752633548856949e+00
-5.639769821904774716e+00,-7.084678224281109493e+00,3.059882391982484684e+00
-5.646690542708557636e+00,-7.108746643027065382e+00,3.071993737898724763e+00
-5.653595596780752963e+00,-7.132778532262669557e+00,3.084086780208496137e+00
-5.660485155856435746e+00,-7.156774107830793596e+00,3.096161626808046297e+00
-5.667359389263229019e+00,-7.180733583572710188e+00,3.108218384591314276e+00
-5.674218463963658365e+00,-7.204657171352219613e+00,3.120257159462118235e+00
-5.681062544596608532e+00,-7.228545081079437828e+00,3.132278056346179618e+00
-5.687891793517906969e+00,-7.252397520734260361e+00,3.144281179202973675e+00
-5.694706370840046716e+00,-7.276214696389502912e+00,3.156266631037419224e+00
-5.701506434471086848e+00,-7.299996812233720433e+00,3.168234513911403205e+00
-5.708292140152729566e+00,-7.323744070593708244e+00,3.180184928955145374e+00
-5.715063641497609481e+00,-7.347456671956694940e+00,3.192117976378401778e+00
-5.721821090025811074e+00,-7.371134814992232442e+00,3.204033755481515033e+00
-5.728564635200625865e+00,-7.394778696573773402e+00,3.215932364666306498e+00
-5.735294424463574181e+00,-7.418388511799959950e+00,3.227813901446817457e+00
-5.742010603268712821e+00,-7.441964454015616681e+00,3.239678462459900210e+00
-5.748713315116232181e+00,-7.465506714832446988e+00,3.251526143475658603e+00
-5.755402701585375702e+00,-7.489015484149451396e+00,3.263357039407743798e+00
-5.762078902366686073e+00,-7.512490950173062565e+00,3.275171244323506148e+00
-5.768742055293602178e+00,-7.535933299436998745e+00,3.286968851454003193e+00
-5.775392296373411227e+00,-7.559342716821847219e+00,3.298749953203867769e+00
-5.782029759817587156e+00,-7.582719385574375970e+00,3.310514641161039773e+00
-5.788654578071515289e+00,-7.606063487326582440e+00,3.322263006106358496e+00
-5.795266881843628148e+00,-7.629375202114474952e+00,3.333995138023021720e+00
-5.801866800133953284e+00,-7.652654708396602778e+00,3.345711126105914701e+00
-5.808454460262104213e+00,-7.675902183072322416e+00,3.357411058770806367e+00
-5.815029987894710928e+00,-7.699117801499823166e+00,3.369095023663416288e+00
-5.821593507072313933e+00,-7.722301737513898701e+00,3.380763107668357748e+00
-5.828145140235728938e+00,-7.745454163443476148e+00,3.392415396917955572e+00
-5.834685008251897287e+00,-7.768575250128909815e+00,3.404051976800938739e+00
-5.841213230439227466e+00,-7.791665166939028886e+00,3.415672931971013515e+00
-5.847729924592451667e+00,-7.814724081787963073e+00,3.427278346355318472e+00
-5.854235207006992070e+00,-7.837752161151731123e+00,3.438868303162761375e+00
-5.860729192502864393e+00,-7.860749570084604620e+00,3.450442884892237938e+00
-5.867211994448118695e+00,-7.883716472235252404e+00,3.462002173340741784e+00
-5.873683724781830762e+00,-7.906653029862662052e+00,3.473546249611358050e+00
-5.880144494036650293e+00,-7.929559403851843769e+00,3.485075194121147302e+00
-5.886594411360926316e+00,-7.952435753729326429e+00,3.496589086608922869e+00
-5.893033584540410708e+00,-7.975282237678436914e+00,3.508088006142917603e+00
-5.899462120019546951e+00,-7.998099012554380494e+00,3.519572031128349376e+00
-5.905880122922360087e+00,-8.020886233899108930e+00,3.531041239314878677e+00
-5.912287697072955872e+00,-8.043644055955994077e+00,3.542495707803966720e+00
-5.918684945015632692e+00,-8.066372631684302519e+00,3.553935513056130091e+00
-5.925071968034620440e+00,-8.089072112773473933e+00,3.565360730898100794e+00
-5.931448866173449019e+00,-8.111742649657207593e+00,3.576771436529883275e+00
-5.937815738253960696e+00,-8.134384391527358815e+00,3.588167704531719959e+00
-5.944172681894968946e+00,-8.156997486347659532e+00,3.599549608870957762e+00
-5.950519793530572699e+00,-8.179582080867232818e+00,3.610917222908825330e+00
-5.956857168428136617e+00,-8.202138320633954649e+00,3.622270619407117476e+00
-5.963184900705940983e+00,-8.224666350007616700e+00,3.633609870534786790e+00
-5.969503083350505612e+00,-8.247166312172920399e+00,3.644935047874449108e+00
-5.975811808233604694e+00,-8.269638349152298673e+00,3.656246222428800152e+00
-5.982111166128969870e+00,-8.292082601818570708e+00,3.667543464626946026e+00
-5.988401246728691341e+00,-8.314499209907424415e+00,3.678826844330649770e+00
-5.994682138659321424e+00,-8.336888312029735459e+00,3.690096430840491326e+00
-6.000953929497693906e+00,-8.359250045683724650e+00,3.701352292901949781e+00
-6.007216705786452948e+00,-8.381584547266950125e+00,3.712594498711399904e+00
-6.013470553049312883e+00,-8.403891952088152095e+00,3.723823115922031857e+00
-6.019715555806037344e+00,-8.426172394378927066e+00,3.735038211649690076e+00
-6.025951797587161707e+00,-8.448426007305267049e+00,3.746239852478637555e+00
-6.032179360948448199e+00,-8.470652922978931798e+00,3.757428104467241070e+00
-6.038398327485088757e+00,-8.492853272468677162e+00,3.768603033153582693e+00
-6.044608777845658310e+00,-8.515027185811348431e+00,3.779764703560997585e+00
-6.050810791745822037e+00,-8.537174792022810266e+00,3.790913180203537625e+00
-6.057004447981806372e+00,-8.559296219108745163e+00,3.802048527091364427e+00
-6.063189824443631970e+00,-8.581391594075318707e+00,3.813170807736073087e+00
-6.069366998128116641e+00,-8.603461042939686720e+00,3.824280085155942643e+00
-6.075536045151656239e+00,-8.625504690740388725e+00,3.835376421881120823e+00
-6.081697040762783502e+00,-8.647522661547590417e+00,3.846459879958741723e+00
-6.087850059354509291e+00,-8.669515078473208902e+00,3.857530520957975995e+00
-6.093995174476453336e+00,-8.691482063680894044e+00,3.868588405975014410e+00
-6.100132458846767136e+00,-8.713423738395889018e+00,3.879633595637989263e+00
-6.106261984363856143e+00,-8.735340222914768304e+00,3.890666150111830479e+00
-6.112383822117897658e+00,-8.757231636615038894e+00,3.901686129103062228e+00
-6.118498042402165105e+00,-8.779098097964636693e+00,3.912693591864532472e+00
-6.124604714724165788e+00,-8.800939724531286146e+00,3.923688597200087891e+00
-6.130703907816583254e+00,-8.822756632991746173e+00,3.934671203469184864e+00
-6.136795689648042007e+00,-8.844548939140945976e+00,3.945641468591443601e+00
-6.142880127433686610e+00,-8.866316757900998269e+00,3.956599450051144107e+00
-6.148957287645590242e+00,-8.888060203330095277e+00,3.967545204901663514e+00
-6.155027236022982962e+00,-8.909779388631301700e+00,3.978478789769860136e+00
-6.161090037582315659e+00,-8.931474426161232216e+00,3.989400260860398006e+00
-6.167145756627155251e+00,-8.953145427438620629e+00,4.000309673960020795e+00
-6.173194456757915560e+00,-8.974792503152782430e+00,4.011207084441771542e+00
-6.179236200881430108e+00,-8.996415763171974334e+00,4.022092547269153329e+00
-6.185271051220365024e+00,-9.018015316551636573e+00,4.032966117000247763e+00
-6.191299069322480086e+00,-9.039591271542555262e+00,4.043827847791773955e+00
-6.197320316069737878e+00,-9.061143735598903959e+00,4.054677793403100416e+00
-6.203334851687267282e+00,-9.082672815386191090e+00,4.065516007200204562e+00
-6.209342735752175102e+00,-9.104178616789116774e+00,4.076342542159588689e+00
-6.215344027202220012e+00,-9.125661244919317738e+00,4.087157450872139108e+00
-6.221338784344347062e+00,-9.147120804123032300e+00,4.097960785546944429e+00
-6.227327064863081851e+00,-9.168557397988664093e+00,4.108752598015063207e+00
-6.233308925828790592e+00,-9.189971129354249868e+00,4.119532939733244525e+00
-6.239284423705811378e+00,-9.211362100314843815e+00,4.130301861787607720e+00
-6.245253614360452232e+00,-9.232730412229802397e+00,4.141059414897273250e+00
-6.251216553068862147e+00,-9.254076165729985703e+00,4.151805649417945610e+00
-6.257173294524775997e+00,-9.275399460724878864e+00,4.162540615345462491e+00
-6.263123892847143992e+00,-9.296700396409606881e+00,4.173264362319289766e+00
-6.269068401587628792e+00,-9.317979071271887292e+00,4.183976939625983604e+00
-6.275006873737998703e+00,-9.339235583098883353e+00,4.194678396202600190e+00
-6.280939361737390314e+00,-9.360470028983977286e+00,4.205368780640076132e+00
-6.286865917479469879e+00,-9.381682505333470701e+00,4.216048141186559128e+00
-6.292786592319476568e+00,-9.402873107873190861e+00,4.226716525750701337e+00
-6.298701437081155596e+00,-9.424041931655031235e+00,4.237373981904912768e+00
-6.304610502063585642e+00,-9.445189071063404995e+00,4.248020556888580046e+00
-6.310513837047904140e+00,-9.466314619821622145e+00,4.258656297611236319e+00
-6.316411491303918879e+00,-9.487418670998197356e+00,4.269281250655707183e+00
-6.322303513596627234e+00,-9.508501317013072551e+00,4.279895462281205987e+00
-6.328189952192634138e+00,-9.529562649643775529e+00,4.290498978426400711e+00
-6.334070854866463485e+00,-9.550602760031502214e+00,4.301091844712441770e+00
-6.339946268906785143e+00,-9.571621738687124292e+00,4.311674106445955168e+00
-6.345816241122538059e+00,-9.592619675497127574e+00,4.322245808621998364e+00
-6.351680817848963656e+00,-9.613596659729482852e+00,4.332806995926980598e+00
-6.357540044953548630e+00,-9.634552780039447484e+00,4.343357712741554799e+00
-6.363393967841875387e+00,-9.655488124475297695e+00,4.353898003143467754e+00
-6.369242631463387205e+00,-9.676402780483988053e+00,4.364427910910382735e+00
-6.375086080317065473e+00,-9.697296834916761199e+00,4.374947479522667493e+00
-6.380924358457020773e+00,-9.718170374034672321e+00,4.385456752166148497e+00
-6.386757509498002250e+00,-9.739023483514067436e+00,4.395955771734833206e+00
-6.392585576620821719e+00,-9.759856248451985294e+00,4.406444580833603908e+00
-6.398408602577703164e+00,-9.780668753371502433e+00,4.416923221780876929e+00
-6.404226629697545192e+00,-9.801461082227019617e+00,4.427391736611232531e+00
-6.410039699891111553e+00,-9.822233318409477221e+00,4.437850167078012831e+00
-6.415847854656139937e+00,-9.842985544751524429e+00,4.448298554655896631e+00
-6.421651135082382389e+00,-9.863717843532613827e+00,4.458736940543433391e+00
-6.427449581856566674e+00,-9.884430296484051581e+00,4.469165365665557665e+00
-6.433243235267284810e+00,-9.905122984793987229e+00,4.479583870676072443e+00
-6.439032135209811436e+00,-9.925795989112334183e+00,4.489992495960100527e+00
-6.444816321190852015e+00,-9.946449389555651166e+00,4.500391281636511920e+00
-6.450595832333225310e+00,-9.967083265711959683e+00,4.510780267560324575e+00
-6.456370707380468588e+00,-9.987697696645509993e+00,4.521159493325074052e+00
-6.462140984701387758e+00,-1.000829276090148490e+01,4.531528998265158314e+00
-6.467906702294535570e+00,-1.002886853651066268e+01,4.541888821458157643e+00
-6.473667897792622306e+00,-1.004942510099402320e+01,4.552239001727126144e+00
-6.479424608466871405e+00,-1.006996253136730068e+01,4.562579577642859263e+00
-6.485176871231307594e+00,-1.009048090414548149e+01,4.572910587526133774e+00
-6.490924722646982836e+00,-1.011098029534726095e+01,4.583232069449924673e+00
-6.496668198926144555e+00,-1.013146078049944521e+01,4.593544061241598087e+00
-6.502407335936344346e+00,-1.015192243464130328e+01,4.603846600485076657e+00
-6.508142169204489846e+00,-1.017236533232887297e+01,4.614139724522985375e+00
-6.513872733920834435e+00,-1.019278954763922229e+01,4.624423470458768115e+00
-6.519599064942914524e+00,-1.021319515417465240e+01,4.634697875158785507e+00
-6.525321196799431789e+00,-1.023358222506686666e+01,4.644962975254388837e+00
-6.531039163694078553e+00,-1.025395083298108823e+01,4.655218807143966409e+00
-6.536752999509311657e+00,-1.027430105012013328e+01,4.665465406994976583e+00
-6.542462737810073037e+00,-1.029463294822843800e+01,4.675702810745949733e+00
-6.548168411847456127e+00,-1.031494659859604290e+01,4.685931054108472438e+00
-6.553870054562327851e+00,-1.033524207206253465e+01,4.696150172569151238e+00
-6.559567698588890217e+00,-1.035551943902094330e+01,4.706360201391550646e+00
-6.565261376258202830e+00,-1.037577876942160060e+01,4.716561175618115165e+00
-6.570951119601650348e+00,-1.039602013277594850e+01,4.726753130072066433e+00
-6.576636960354364625e+00,-1.041624359816031564e+01,4.736936099359281727e+00
-6.582318929958598908e+00,-1.043644923421964776e+01,4.747110117870152912e+00
-6.587997059567058500e+00,-1.045663710917119893e+01,4.757275219781424092e+00
-6.593671380046179920e+00,-1.047680729080818018e+01,4.767431439058009701e+00
-6.599341921979372749e+00,-1.049695984650337977e+01,4.777578809454792186e+00
-6.605008715670212638e+00,-1.051709484321273180e+01,4.787717364518403684e+00
-6.610671791145589893e+00,-1.053721234747884949e+01,4.797847137588986399e+00
-6.616331178158822546e+00,-1.055731242543452986e+01,4.807968161801932538e+00
-6.621986906192718791e+00,-1.057739514280620874e+01,4.818080470089608269e+00
-6.627639004462601235e+00,-1.059746056491738742e+01,4.828184095183060798e+00
-6.633287501919294726e+00,-1.061750875669202010e+01,4.838279069613703243e+00
-6.638932427252068003e+00,-1.063753978265786415e+01,4.848365425714983523e+00
-6.644573808891538036e+00,-1.065755370694980009e+01,4.858443195624037259e+00
-6.650211675012538848e+00,-1.067755059331310719e+01,4.868512411283323793e+00
-6.655846053536945917e+00,-1.069753050510671777e+01,4.878573104442237351e+00
-6.661476972136469499e+00,-1.071749350530642353e+01,4.888625306658714642e+00
-6.667104458235406206e+00,-1.073743965650805876e+01,4.898669049300812262e+00
-6.672728539013355054e+00,-1.075736902093064451e+01,4.908704363548277883e+00
-6.678349241407902426e+00,-1.077728166041950431e+01,4.918731280394097460e+00
-6.683966592117264405e+00,-1.079717763644934081e+01,4.928749830646031782e+00
-6.689580617602896240e+00,-1.081705701012728937e+01,4.938760044928134363e+00
-6.695191344092075170e+00,-1.083691984219593429e+01,4.948761953682256021e+00
-6.700798797580436172e+00,-1.085676619303629131e+01,4.958755587169529022e+00
-6.706403003834487286e+00,-1.087659612267076525e+01,4.968740975471843235e+00
-6.712003988394085852e+00,-1.089640969076607746e+01,4.978718148493298301e+00
-6.717601776574881889e+00,-1.091620695663615592e+01,4.988687135961651364e+00
-6.723196393470732168e+00,-1.093598797924500587e+01,4.998647967429739936e+00
-6.728787863956082305e+00,-1.095575281720953775e+01,5.008600672276896759e+00
-6.734376212688319541e+00,-1.097550152880238095e+01,5.018545279710346030e+00
-6.739961464110092670e+00,-1.099523417195465846e+01,5.028481818766589839e+00
-6.745543642451602651e+00,-1.101495080425874207e+01,5.038410318312776859e+00
-6.751122771732867456e+00,-1.103465148297096299e+01,5.048330807048059476e+00
-6.756698875765951406e+00,-1.105433626501431910e+01,5.058243313504935834e+00
-6.762271978157173180e+00,-1.107400520698113233e+01,5.068147866050577655e+00
-6.767842102309280072e+00,-1.109365836513569725e+01,5.078044492888147410e+00
-6.773409271423599165e+00,-1.111329579541688872e+01,5.087933222058101279e+00
-6.778973508502157408e+00,-1.113291755344075007e+01,5.097814081439474343e+00
-6.784534836349775944e+00,-1.115252369450305459e+01,5.107687098751162225e+00
-6.790093277576139563e+00,-1.117211427358184395e+01,5.117552301553181415e+00
-6.795648854597838628e+00,-1.119168934533993642e+01,5.127409717247920717e+00
-6.801201589640387901e+00,-1.121124896412741201e+01,5.137259373081381142e+00
-6.806751504740213399e+00,-1.123079318398407622e+01,5.147101296144399818e+00
-6.812298621746624150e+00,-1.125032205864188839e+01,5.156935513373866797e+00
-6.817842962323751088e+00,-1.126983564152738282e+01,5.166762051553926760e+00
-6.823384547952464629e+00,-1.128933398576405622e+01,5.176580937317167397e+00
-6.828923399932270044e+00,-1.130881714417472317e+01,5.186392197145799798e+00
-6.834459539383179738e+00,-1.132828516928386975e+01,5.196195857372826410e+00
-6.839992987247556222e+00,-1.134773811331996107e+01,5.205991944183192111e+00
-6.845523764291939095e+00,-1.136717602821774520e+01,5.215780483614933516e+00
-6.851051891108847158e+00,-1.138659896562052154e+01,5.225561501560310518e+00
-6.856577388118560101e+00,-1.140600697688239151e+01,5.235335023766926277e+00
-6.862100275570871766e+00,-1.142540011307049319e+01,5.245101075838840110e+00
-6.867620573546832752e+00,-1.144477842496719688e+01,5.254859683237667944e+00
-6.873138301960459273e+00,-1.146414196307230604e+01,5.264610871283672111e+00
-6.878653480560433131e+00,-1.148349077760520842e+01,5.274354665156840483e+00
-6.884166128931773265e+00,-1.150282491850702726e+01,5.284091089897953175e+00
-6.889676266497489543e+00,-1.152214443544274047e+01,5.293820170409643033e+00
-6.895183912520217007e+00,-1.154144937780328917e+01,5.303541931457444569e+00
-6.900689086103827030e+00,-1.156073979470765067e+01,5.313256397670829578e+00
-6.906191806195024263e+00,-1.158001573500490800e+01,5.322963593544237426e+00
-6.911692091584921371e+00,-1.159927724727628906e+01,5.332663543438093789e+00
-6.917189960910594237e+00,-1.161852437983719000e+01,5.342356271579816962e+00
-6.922685432656621174e+00,-1.163775718073917886e+01,5.352041802064820608e+00
-6.928178525156599932e+00,-1.165697569777198161e+01,5.361720158857498753e+00
-6.933669256594648722e+00,-1.167617997846544498e+01,5.371391365792210770e+00
-6.939157645006893027e+00,-1.169537007009148333e+01,5.381055446574247725e+00
-6.944643708282926653e+00,-1.171454601966601139e+01,5.390712424780799594e+00
-6.950127464167260349e+00,-1.173370787395085202e+01,5.400362323861903846e+00
-6.955608930260757106e+00,-1.175285567945562804e+01,5.410005167141390459e+00
-6.961088124022039914e+00,-1.177198948243963450e+01,5.419640977817816285e+00
-6.966565062768894201e+00,-1.179110932891369856e+01,5.429269778965392312e+00
-6.972039763679648061e+00,-1.181021526464201976e+01,5.438891593534900259e+00
-6.977512243794532942e+00,-1.182930733514398902e+01,5.448506444354602962e+00
-6.982982520017037231e+00,-1.184838558569599520e+01,5.458114354131142321e+00
-6.988450609115236745e+00,-1.186745006133321390e+01,5.467715345450433695e+00
-6.993916527723112786e+00,-1.188650080685138022e+01,5.477309440778548755e+00
-6.999380292341852439e+00,-1.190553786680854031e+01,5.486896662462591223e+00
-7.004841919341139977e+00,-1.192456128552679040e+01,5.496477032731562851e+00
-7.010301424960424299e+00,-1.194357110709400693e+01,5.506050573697227613e+00
-7.015758825310178359e+00,-1.196256737536554127e+01,5.515617307354958143e+00
-7.021214136373139958e+00,-1.198155013396591961e+01,5.525177255584581282e+00
-7.026667374005542754e+00,-1.200051942629051815e+01,5.534730440151214736e+00
-7.032118553938329519e+00,-1.201947529550722216e+01,5.544276882706095755e+00
-7.037567691778352064e+00,-1.203841778455806732e+01,5.553816604787400912e+00
-7.043014803009556957e+00,-1.205734693616087405e+01,5.563349627821061461e+00
-7.048459902994160586e+00,-1.207626279281085857e+01,5.572875973121564463e+00
-7.053903006973807344e+00,-1.209516539678223523e+01,5.582395661892756600e+00
-7.059344130070716261e+00,-1.211405479012980457e+01,5.591908715228632865e+00
-7.064783287288814329e+00,-1.213293101469052182e+01,5.601415154114122608e+00
-7.070220493514856486e+00,-1.215179411208505655e+01,5.610914999425864913e+00
-7.075655763519534069e+00,-1.217064412371932747e+01,5.620408271932978650e+00
-7.081089111958570825e+00,-1.218948109078603892e+01,5.629894992297825418e+00
-7.086520553373802933e+00,-1.220830505426619972e+01,5.639375181076768939e+00
-7.091950102194253702e+00,-1.222711605493061526e+01,5.648848858720922017e+00
-7.097377772737187840e+00,-1.224591413334137968e+01,5.658316045576887277e+00
-7.102803579209162166e+00,-1.226469932985335021e+01,5.667776761887498793e+00
-7.108227535707056788e+00,-1.228347168461561267e+01,5.677231027792545071e+00
-7.113649656219102724e+00,-1.230223123757292036e+01,5.686678863329499123e+00
-7.119069954625890873e+00,-1.232097802846714174e+01,5.696120288434230794e+00
-7.124488444701374767e+00,-1.233971209683867265e+01,5.705555322941717300e+00
-7.129905140113857342e+00,-1.235843348202785208e+01,5.714983986586748443e+00
-7.135320054426972369e+00,-1.237714222317636015e+01,5.724406299004624721e+00
-7.140733201100652572e+00,-1.239583835922859834e+01,5.733822279731847438e+00
-7.146144593492084418e+00,-1.241452192893306794e+01,5.743231948206805271e+00
-7.151554244856656695e+00,-1.243319297084372899e+01,5.752635323770454612e+00
-7.156962168348893982e+00,-1.245185152332134848e+01,5.762032425666991919e+00
-7.162368377023387467e+00,-1.247049762453483801e+01,5.771423273044520741e+00
-7.167772883835704434e+00,-1.248913131246257713e+01,5.780807884955716958e+00
-7.173175701643299540e+00,-1.250775262489372963e+01,5.790186280358480708e+00
-7.178576843206407432e+00,-1.252636159942954563e+01,5.799558478116590976e+00
-7.183976321188929148e+00,-1.254495827348465120e+01,5.808924497000345077e+00
-7.189374148159310529e+00,-1.256354268428833088e+01,5.818284355687201703e+00
-7.194770336591404636e+00,-1.258211486888579067e+01,5.827638072762415966e+00
-7.200164898865335061e+00,-1.260067486413941928e+01,5.836985666719662902e+00
-7.205557847268340588e+00,-1.261922270673003510e+01,5.846327155961661859e+00
-7.210949193995613626e+00,-1.263775843315811898e+01,5.855662558800797335e+00
-7.216338951151131553e+00,-1.265628207974504527e+01,5.864991893459725603e+00
-7.221727130748476498e+00,-1.267479368263428974e+01,5.874315178071985777e+00
-7.227113744711651577e+00,-1.269329327779263572e+01,5.883632430682598446e+00
-7.232498804875879372e+00,-1.271178090101136959e+01,5.892943669248664307e+00
-7.237882322988397732e+00,-1.273025658790746206e+01,5.902248911639954798e+00
-7.243264310709250253e+00,-1.274872037392474766e+01,5.911548175639498304e+00
-7.248644779612058109e+00,-1.276717229433507761e+01,5.920841478944160130e+00
-7.254023741184795426e+00,-1.278561238423948332e+01,5.930128839165221599e+00
-7.259401206830547792e+00,-1.280404067856931505e+01,5.939410273828950260e+00
-7.264777187868264541e+00,-1.282245721208737699e+01,5.948685800377165656e+00
-7.270151695533507485e+00,-1.284086201938904814e+01,5.957955436167804208e+00
-7.275524740979187222e+00,-1.285925513490340499e+01,5.967219198475473441e+00
-7.280896335276291431e+00,-1.287763659289432105e+01,5.976477104492004422e+00
-7.286266489414610525e+00,-1.289600642746156289e+01,5.985729171327001552e+00
-7.291635214303448187e+00,-1.291436467254188081e+01,5.994975416008386127e+00
-7.297002520772331025e+00,-1.293271136191008353e+01,6.004215855482931907e+00
-7.302368419571705793e+00,-1.295104652918010579e+01,6.013450506616802471e+00
-7.307732921373634838e+00,-1.296937020780607419e+01,6.022679386196078788e+00
-7.313096036772479991e+00,-1.298768243108334808e+01,6.031902510927286798e+00
-7.318457776285578475e+00,-1.300598323214957119e+01,6.041119897437917885e+00
-7.323818150353917034e+00,-1.302427264398570195e+01,6.050331562276943131e+00
-7.329177169342792730e+00,-1.304255069941703660e+01,6.059537521915329350e+00
-7.334534843542473759e+00,-1.306081743111422533e+01,6.068737792746544457e+00
-7.339891183168844258e+00,-1.307907287159428478e+01,6.077932391087061959e+00
-7.345246198364053569e+00,-1.309731705322159279e+01,6.087121333176862770e+00
-7.350599899197148623e+00,-1.311555000820887962e+01,6.096304635179929043e+00
-7.355952295664708984e+00,-1.313377176861821738e+01,6.105482313184736221e+00
-7.361303397691464134e+00,-1.315198236636198459e+01,6.114654383204740640e+00
-7.366653215130916976e+00,-1.317018183320384317e+01,6.123820861178862707e+00
-7.372001757765953123e+00,-1.318837020075969590e+01,6.132981762971967399e+00
-7.377349035309443970e+00,-1.320654750049862969e+01,6.142137104375342105e+00
-7.382695057404847105e+00,-1.322471376374386942e+01,6.151286901107162919e+00
-7.388039833626797837e+00,-1.324286902167370528e+01,6.160431168812968927e+00
-7.393383373481698051e+00,-1.326101330532242883e+01,6.169569923066122286e+00
-7.398725686408293534e+00,-1.327914664558124791e+01,6.178703179368270959e+00
-7.404066781778249506e+00,-1.329726907319920137e+01,6.187830953149804358e+00
-7.409406668896723502e+00,-1.331538061878406332e+01,6.196953259770306310e+00
-7.414745357002923143e+00,-1.333348131280324900e+01,6.206070114519007141e+00
-7.420082855270665689e+00,-1.335157118558469413e+01,6.215181532615225990e+00
-7.425419172808930490e+00,-1.336965026731774842e+01,6.224287529208815783e+00
-7.430754318662405211e+00,-1.338771858805404769e+01,6.233388119380600223e+00
-7.436088301812024959e+00,-1.340577617770838614e+01,6.242483318142811655e+00
-7.441421131175510517e+00,-1.342382306605957609e+01,6.251573140439520060e+00
-7.446752815607895926e+00,-1.344185928275130948e+01,6.260657601147062934e+00
-7.452083363902053392e+00,-1.345988485729299988e+01,6.269736715074468059e+00
-7.457412784789215543e+00,-1.347789981906063161e+01,6.278810496963878940e+00
-7.462741086939486124e+00,-1.349590419729759105e+01,6.287878961490970475e+00
-7.468068278962350703e+00,-1.351389802111549443e+01,6.296942123265364621e+00
-7.473394369407182936e+00,-1.353188131949501560e+01,6.305999996831040733e+00
-7.478719366763740162e+00,-1.354985412128670141e+01,6.315052596666746787e+00
-7.484043279462659903e+00,-1.356781645521177282e+01,6.324099937186402620e+00
-7.489366115875948360e+00,-1.358576834986293669e+01,6.333142032739501381e+00
-7.494687884317465354e+00,-1.360370983370518161e+01,6.342178897611510102e+00
-7.500008593043403948e+00,-1.362164093507656126e+01,6.351210546024264048e+00
-7.505328250252765621e+00,-1.363956168218899023e+01,6.360236992136361955e+00
-7.510646864087830110e+00,-1.365747210312901139e+01,6.369258250043552394e+00
-7.515964442634622600e+00,-1.367537222585857037e+01,6.378274333779121008e+00
-7.521280993923372904e+00,-1.369326207821578834e+01,6.387285257314276876e+00
-7.526596525928973769e+00,-1.371114168791571508e+01,6.396291034558529098e+00
-7.531911046571432067e+00,-1.372901108255108404e+01,6.405291679360068713e+00
-7.537224563716317327e+00,-1.374687028959306012e+01,6.414287205506138179e+00
-7.542537085175206713e+00,-1.376471933639198575e+01,6.423277626723407963e+00
-7.547848618706119339e+00,-1.378255825017811453e+01,6.432262956678344246e+00
-7.553159172013957701e+00,-1.380038705806233956e+01,6.441243208977573076e+00
-7.558468752750933106e+00,-1.381820578703692703e+01,6.450218397168247186e+00
-7.563777368516996447e+00,-1.383601446397622681e+01,6.459188534738403042e+00
-7.569085026860255638e+00,-1.385381311563739182e+01,6.468153635117319666e+00
-7.574391735277397508e+00,-1.387160176866108507e+01,6.477113711675875685e+00
-7.579697501214103461e+00,-1.388938044957218132e+01,6.486068777726899270e+00
-7.585002332065457153e+00,-1.390714918478047046e+01,6.495018846525518086e+00
-7.590306235176350391e+00,-1.392490800058134148e+01,6.503963931269508336e+00
-7.595609217841889027e+00,-1.394265692315647875e+01,6.512904045099636718e+00
-7.600911287307787312e+00,-1.396039597857453529e+01,6.521839201100003258e+00
-7.606212450770765798e+00,-1.397812519279181842e+01,6.530769412298381482e+00
-7.611512715378942140e+00,-1.399584459165295414e+01,6.539694691666551485e+00
-7.616812088232218336e+00,-1.401355420089155501e+01,6.548615052120638325e+00
-7.622110576382662650e+00,-1.403125404613088634e+01,6.557530506521442426e+00
-7.627408186834893300e+00,-1.404894415288451803e+01,6.566441067674765542e+00
-7.632704926546451496e+00,-1.406662454655697303e+01,6.575346748331741153e+00
-7.638000802428174474e+00,-1.408429525244438452e+01,6.584247561189157771e+00
-7.643295821344568530e+00,-1.410195629573512832e+01,6.593143518889778676e+00
-7.648589990114170512e+00,-1.411960770151046241e+01,6.602034634022664328e+00
-7.653883315509912855e+00,-1.413724949474516102e+01,6.610920919123485895e+00
-7.659175804259481524e+00,-1.415488170030813997e+01,6.619802386674843220e+00
-7.664467463045672169e+00,-1.417250434296307837e+01,6.628679049106573906e+00
-7.669758298506740957e+00,-1.419011744736904213e+01,6.637550918796066846e+00
-7.675048317236756290e+00,-1.420772103808108966e+01,6.646418008068565086e+00
-7.680337525785942532e+00,-1.422531513955089011e+01,6.655280329197475808e+00
-7.685625930661023730e+00,-1.424289977612731661e+01,6.664137894404672302e+00
-7.690913538325560239e+00,-1.426047497205705383e+01,6.672990715860792399e+00
-7.696200355200288001e+00,-1.427804075148519480e+01,6.681838805685538674e+00
-7.701486387663448951e+00,-1.429559713845582536e+01,6.690682175947976873e+00
-7.706771642051124083e+00,-1.431314415691261921e+01,6.699520838666825462e+00
-7.712056124657557632e+00,-1.433068183069941171e+01,6.708354805810754051e+00
-7.717339841735479489e+00,-1.434821018356078426e+01,6.717184089298667615e+00
-7.722622799496431156e+00,-1.436572923914263278e+01,6.726008700999998702e+00
-7.727905004111078391e+00,-1.438323902099274676e+01,6.734828652734988097e+00
-7.733186461709527393e+00,-1.440073955256136351e+01,6.743643956274973483e+00
-7.738467178381639222e+00,-1.441823085720173836e+01,6.752454623342670104e+00
-7.743747160177336220e+00,-1.443571295817069711e+01,6.761260665612447873e+00
-7.749026413106908429e+00,-1.445318587862919202e+01,6.770062094710611156e+00
-7.754304943141318240e+00,-1.447064964164284717e+01,6.778858922215673211e+00
-7.759582756212498822e+00,-1.448810427018251268e+01,6.787651159658629751e+00
-7.764859858213656096e+00,-1.450554978712479581e+01,6.796438818523232506e+00
-7.770136254999558290e+00,-1.452298621525260280e+01,6.805221910246253891e+00
-7.775411952386831693e+00,-1.454041357725567352e+01,6.814000446217759688e+00
-7.780686956154251988e+00,-1.455783189573111081e+01,6.822774437781373713e+00
-7.785961272043025794e+00,-1.457524119318390809e+01,6.831543896234538948e+00
-7.791234905757079332e+00,-1.459264149202746452e+01,6.840308832828783103e+00
-7.796507862963341751e+00,-1.461003281458411251e+01,6.849069258769973523e+00
-7.801780149292018685e+00,-1.462741518308562938e+01,6.857825185218581865e+00
-7.807051770336872920e+00,-1.464478861967374534e+01,6.866576623289934567e+00
-7.812322731655498842e+00,-1.466215314640065515e+01,6.875323584054471304e+00
-7.817593038769592440e+00,-1.467950878522952074e+01,6.884066078537994571e+00
-7.822862697165221313e+00,-1.469685555803496868e+01,6.892804117721921919e+00
-7.828131712293091127e+00,-1.471419348660359461e+01,6.901537712543535541e+00
-7.833400089568811175e+00,-1.473152259263444819e+01,6.910266873896228290e+00
-7.838667834373153731e+00,-1.474884289773953050e+01,6.918991612629748822e+00
-7.843934952052316945e+00,-1.476615442344427365e+01,6.927711939550446729e+00
-7.849201447918178864e+00,-1.478345719118802926e+01,6.936427865421514127e+00
-7.854467327248555897e+00,-1.480075122232454277e+01,6.945139400963223686e+00
-7.859732595287451495e+00,-1.481803653812243837e+01,6.953846556853169325e+00
-7.864997257245310180e+00,-1.483531315976568266e+01,6.962549343726503359e+00
-7.870261318299262676e+00,-1.485258110835406065e+01,6.971247772176169200e+00
-7.875524783593375489e+00,-1.486984040490364123e+01,6.979941852753136722e+00
-7.880787658238889826e+00,-1.488709107034723722e+01,6.988631595966631416e+00
-7.886049947314466735e+00,-1.490433312553487077e+01,6.997317012284368865e+00
-7.891311655866426022e+00,-1.492156659123422813e+01,7.005998112132777678e+00
-7.896572788908982510e+00,-1.493879148813111080e+01,7.014674905897230417e+00
-7.901833351424482288e+00,-1.495600783682989032e+01,7.023347403922265642e+00
-7.907093348363634533e+00,-1.497321565785395592e+01,7.032015616511814393e+00
-7.912352784645743320e+00,-1.499041497164615677e+01,7.040679553929419576e+00
-7.917611665158936773e+00,-1.500760579856924437e+01,7.049339226398456226e+00
-7.922869994760393553e+00,-1.502478815890631303e+01,7.057994644102350001e+00
-7.928127778276569337e+00,-1.504196207286123332e+01,7.066645817184797451e+00
-7.933385020503418872e+00,-1.505912756055908730e+01,7.075292755749975626e+00
-7.938641726206615346e+00,-1.507628464204659480e+01,7.083935469862761458e+00
-7.943897900121772437e+00,-1.509343333729254866e+01,7.092573969548939594e+00
-7.949153546954660143e+00,-1.511057366618822684e+01,7.101208264795416447e+00
-7.954408671381423268e+00,-1.512770564854782407e+01,7.109838365550428918e+00
-7.959663278048791035e+00,-1.514482930410886752e+01,7.118464281723749565e+00
-7.964917371574290250e+00,-1.516194465253262891e+01,7.127086023186893549e+00
-7.970170956546457575e+00,-1.517905171340454196e+01,7.135703599773323802e+00
-7.975424037525044696e+00,-1.519615050623461094e+01,7.144317021278656199e+00
-7.980676619041227937e+00,-1.521324105045781927e+01,7.152926297460856730e+00
-7.985928705597812538e+00,-1.523032336543453447e+01,7.161531438040444009e+00
-7.991180301669435160e+00,-1.524739747045090965e+01,7.170132452700687331e+00
-7.996431411702766390e+00,-1.526446338471928321e+01,7.178729351087804744e+00
-8.001682040116710581e+00,-1.528152112737857315e+01,7.187322142811155778e+00
-8.006932191302606583e+00,-1.529857071749468034e+01,7.195910837443437735e+00
-8.012181869624424024e+00,-1.531561217406087039e+01,7.204495444520879310e+00
-8.017431079418953388e+00,-1.533264551599816805e+01,7.213075973543428887e+00
-8.022679824996007625e+00,-1.534967076215574266e+01,7.221652433974944607e+00
-8.027928110638614001e+00,-1.536668793131129007e+01,7.230224835243385328e+00
-8.033175940603202392e+00,-1.538369704217141631e+01,7.238793186740995367e+00
-8.038423319119795352e+00,-1.540069811337202133e+01,7.247357497824491901e+00
-8.043670250392201737e+00,-1.541769116347866309e+01,7.255917777815246161e+00
-8.048916738598201448e+00,-1.543467621098694487e+01,7.264474035999469947e+00
-8.054162787889724839e+00,-1.545165327432287761e+01,7.273026281628392375e+00
-8.059408402393051674e+00,-1.546862237184325117e+01,7.281574523918446395e+00
-8.064653586208979874e+00,-1.548558352183600206e+01,7.290118772051442875e+00
-8.069898343413020925e+00,-1.550253674252057401e+01,7.298659035174749121e+00
-8.075142678055572176e+00,-1.551948205204828390e+01,7.307195322401468296e+00
-8.080386594162103364e+00,-1.553641946850267352e+01,7.315727642810609943e+00
-8.085630095733332467e+00,-1.555334900989987368e+01,7.324256005447269402e+00
-8.090873186745401568e+00,-1.557027069418895060e+01,7.332780419322795673e+00
-8.096115871150059817e+00,-1.558718453925225766e+01,7.341300893414968165e+00
-8.101358152874832186e+00,-1.560409056290578889e+01,7.349817436668165449e+00
-8.106600035823204209e+00,-1.562098878289951998e+01,7.358330057993534901e+00
-8.111841523874781856e+00,-1.563787921691774940e+01,7.366838766269161454e+00
-8.117082620885479827e+00,-1.565476188257944479e+01,7.375343570340236354e+00
-8.122323330687677867e+00,-1.567163679743857685e+01,7.383844479019225915e+00
-8.127563657090403737e+00,-1.568850397898445514e+01,7.392341501086033162e+00
-8.132803603879493082e+00,-1.570536344464205847e+01,7.400834645288168367e+00
-8.138043174817759962e+00,-1.572221521177237058e+01,7.409323920340910696e+00
-8.143282373645167382e+00,-1.573905929767269818e+01,7.417809334927471632e+00
-8.148521204078988944e+00,-1.575589571957700663e+01,7.426290897699160176e+00
-8.153759669813974043e+00,-1.577272449465623261e+01,7.434768617275543612e+00
-8.158997774522511293e+00,-1.578954564001860561e+01,7.443242502244610037e+00
-8.164235521854786626e+00,-1.580635917270997126e+01,7.451712561162926463e+00
-8.169472915438948490e+00,-1.582316510971409684e+01,7.460178802555804012e+00
-8.174709958881265948e+00,-1.583996346795298749e+01,7.468641234917451577e+00
-8.179946655766281438e+00,-1.585675426428719348e+01,7.477099866711139242e+00
-8.185183009656967101e+00,-1.587353751551612113e+01,7.485554706369354605e+00
-8.190419024094886424e+00,-1.589031323837833121e+01,7.494005762293958206e+00
-8.195654702600334574e+00,-1.590708144955184622e+01,7.502453042856343401e+00
-8.200890048672498267e+00,-1.592384216565444532e+01,7.510896556397587354e+00
-8.206125065789604989e+00,-1.594059540324396984e+01,7.519336311228612679e+00
-8.211359757409066873e+00,-1.595734117881860925e+01,7.527772315630333999e+00
-8.216594126967624589e+00,-1.597407950881719785e+01,7.536204577853818698e+00
-8.221828177881500110e+00,-1.599081040961950961e+01,7.544633106120432586e+00
-8.227061913546533489e+00,-1.600753389754654066e+01,7.553057908621996219e+00
-8.232295337338323193e+00,-1.602424998886080232e+01,7.561478993520933223e+00
-8.237528452612371765e+00,-1.604095869976660538e+01,7.569896368950421284e+00
-8.242761262704215497e+00,-1.605766004641033717e+01,7.578310043014538699e+00
-8.247993770929568313e+00,-1.607435404488074937e+01,7.586720023788416256e+00
-8.253225980584451449e+00,-1.609104071120923507e+01,7.595126319318379338e+00
-8.258457894945330224e+00,-1.610772006137010237e+01,7.603528937622095363e+00
-8.263689517269245499e+00,-1.612439211128086569e+01,7.611927886688720335e+00
-8.268920850793943345e+00,-1.614105687680250512e+01,7.620323174479041839e+00
-8.274151898738001165e+00,-1.615771437373973995e+01,7.628714808925618485e+00
-8.279382664300962702e+00,-1.617436461784130231e+01,7.637102797932924680e+00
-8.284613150663458825e+00,-1.619100762480021771e+01,7.645487149377490965e+00
-8.289843360987337206e+00,-1.620764341025405386e+01,7.653867871108043452e+00
-8.295073298415777785e+00,-1.622427198978520124e+01,7.662244970945640610e+00
-8.300302966073425992e+00,-1.624089337892112894e+01,7.670618456683811814e+00
-8.305532367066508215e+00,-1.625750759313466176e+01,7.678988336088693245e+00
-8.310761504482956141e+00,-1.627411464784422535e+01,7.687354616899163773e+00
-8.315990381392522224e+00,-1.629071455841411264e+01,7.695717306826978188e+00
-8.321219000846898695e+00,-1.630730734015475392e+01,7.704076413556901315e+00
-8.326447365879836582e+00,-1.632389300832296186e+01,7.712431944746839463e+00
-8.331675479507262949e+00,-1.634047157812218742e+01,7.720783908027972764e+00
-8.336903344727394582e+00,-1.635704306470278269e+01,7.729132311004883071e+00
-8.342130964520853453e+00,-1.637360748316224601e+01,7.737477161255685409e+00
-8.347358341850778629e+00,-1.639016484854548494e+01,7.745818466332154983e+00
-8.352585479662939960e+00,-1.640671517584505423e+01,7.754156233759855965e+00
-8.357812380885851766e+00,-1.642325848000141519e+01,7.762490471038264062e+00
-8.363039048430881195e+00,-1.643979477590317728e+01,7.770821185640897966e+00
-8.368265485192358355e+00,-1.645632407838734323e+01,7.779148385015438372e+00
-8.373491694047690004e+00,-1.647284640223956842e+01,7.787472076583855873e+00
-8.378717677857460799e+00,-1.648936176219438110e+01,7.795792267742529091e+00
-8.383943439465546987e+00,-1.650587017293544534e+01,7.804108965862371683e+00
-8.389168981699221206e+00,-1.652237164909579192e+01,7.812422178288949581e+00
-8.394394307369260844e+00,-1.653886620525805640e+01,7.820731912342603565e+00
-8.399619419270047516e+00,-1.655535385595473130e+01,7.829038175318568271e+00
-8.404844320179680750e+00,-1.657183461566839000e+01,7.837340974487089440e+00
-8.410069012860072135e+00,-1.658830849883191760e+01,7.845640317093544702e+00
-8.415293500057057230e+00,-1.660477551982875610e+01,7.853936210358557268e+00
-8.420517784500496816e+00,-1.662123569299314241e+01,7.862228661478114944e+00
-8.425741868904372822e+00,-1.663768903261032861e+01,7.870517677623683817e+00
-8.430965755966894903e+00,-1.665413555291681291e+01,7.878803265942325496e+00
-8.436189448370599919e+00,-1.667057526810057055e+01,7.887085433556809022e+00
-8.441412948782451409e+00,-1.668700819230128474e+01,7.895364187565725445e+00
-8.446636259853937290e+00,-1.670343433961057400e+01,7.903639535043600617e+00
-8.451859384221171112e+00,-1.671985372407221249e+01,7.911911483041005333e+00
-8.457082324504987980e+00,-1.673626635968235021e+01,7.920180038584669902e+00
-8.462305083311044029e+00,-1.675267226038975110e+01,7.928445208677592504e+00
-8.467527663229910573e+00,-1.676907144009599548e+01,7.936707000299150216e+00
-8.472750066837168248e+00,-1.678546391265571813e+01,7.944965420405206480e+00
-8.477972296693508270e+00,-1.680184969187680721e+01,7.953220475928223898e+00
-8.483194355344819471e+00,-1.681822879152063521e+01,7.961472173777367267e+00
-8.488416245322291331e+00,-1.683460122530228276e+01,7.969720520838614597e+00
-8.493637969142495692e+00,-1.685096700689073046e+01,7.977965523974862805e+00
-8.498859529307488003e+00,-1.686732614990909340e+01,7.986207190026031633e+00
-8.504080928304897924e+00,-1.688367866793482008e+01,7.994445525809174669e+00
-8.509302168608021688e+00,-1.690002457449991269e+01,8.002680538118577047e+00
-8.514523252675905596e+00,-1.691636388309113670e+01,8.010912233725866471e+00
-8.519744182953443712e+00,-1.693269660715021985e+01,8.019140619380111801e+00
-8.524964961871466684e+00,-1.694902276007407593e+01,8.027365701807928744e+00
-8.530185591846827009e+00,-1.696534235521499312e+01,8.035587487713582888e+00
-8.535406075282489624e+00,-1.698165540588085776e+01,8.043805983779090951e+00
-8.540626414567620728e+00,-1.699796192533534622e+01,8.052021196664320257e+00
-8.545846612077673043e+00,-1.701426192679813099e+01,8.060233133007091766e+00
-8.551066670174469309e+00,-1.703055542344507955e+01,8.068441799423281324e+00
-8.556286591206292869e+00,-1.704684242840846053e+01,8.076647202506913814e+00
-8.561506377507974719e+00,-1.706312295477714258e+01,8.084849348830267957e+00
-8.566726031400971664e+00,-1.707939701559678625e+01,8.093048244943972236e+00
-8.571945555193453359e+00,-1.709566462387005004e+01,8.101243897377106151e+00
-8.577164951180385799e+00,-1.711192579255677870e+01,8.109436312637290811e+00
-8.582384221643618361e+00,-1.712818053457420220e+01,8.117625497210793739e+00
-8.587603368851958408e+00,-1.714442886279713463e+01,8.125811457562619466e+00
-8.592822395061258334e+00,-1.716067079005815188e+01,8.133994200136607233e+00
-8.598041302514493722e+00,-1.717690632914780124e+01,8.142173731355525135e+00
-8.603260093441846834e+00,-1.719313549281477904e+01,8.150350057621167821e+00
-8.608478770060786545e+00,-1.720935829376612247e+01,8.158523185314450643e+00
-8.613697334576144726e+00,-1.722557474466740501e+01,8.166693120795498473e+00
-8.618915789180199738e+00,-1.724178485814291406e+01,8.174859870403739848e+00
-8.624134136052747479e+00,-1.725798864677584632e+01,8.183023440458008224e+00
-8.629352377361188431e+00,-1.727418612310848189e+01,8.191183837256623690e+00
-8.634570515260598711e+00,-1.729037729964238324e+01,8.199341067077487111e+00
-8.639788551893808233e+00,-1.730656218883855857e+01,8.207495136178176054e+00
-8.645006489391480642e+00,-1.732274080311766440e+01,8.215646050796028277e+00
-8.650224329872179041e+00,-1.733891315486017604e+01,8.223793817148239427e+00
-8.655442075442453032e+00,-1.735507925640656168e+01,8.231938441431944753e+00
-8.660659728196904439e+00,-1.737123912005747783e+01,8.240079929824316807e+00
-8.665877290218269025e+00,-1.738739275807393270e+01,8.248218288482645377e+00
-8.671094763577483988e+00,-1.740354018267747094e+01,8.256353523544433415e+00
-8.676312150333760798e+00,-1.741968140605033710e+01,8.264485641127480520e+00
-8.681529452534663349e+00,-1.743581644033567457e+01,8.272614647329968207e+00
-8.686746672216175469e+00,-1.745194529763767122e+01,8.280740548230550502e+00
-8.691963811402771967e+00,-1.746806799002175836e+01,8.288863349888439203e+00
-8.697180872107493244e+00,-1.748418452951476354e+01,8.296983058343490924e+00
-8.702397856332012793e+00,-1.750029492810509169e+01,8.305099679616287034e+00
-8.707614766066708256e+00,-1.751639919774288856e+01,8.313213219708226021e+00
-8.712831603290728921e+00,-1.753249735034021484e+01,8.321323684601603432e+00
-8.718048369972070333e+00,-1.754858939777121662e+01,8.329431080259693587e+00
-8.723265068067638239e+00,-1.756467535187228179e+01,8.337535412626838394e+00
-8.728481699523314319e+00,-1.758075522444222472e+01,8.345636687628525507e+00
-8.733698266274032562e+00,-1.759682902724242481e+01,8.353734911171477151e+00
-8.738914770243836116e+00,-1.761289677199702197e+01,8.361830089143726497e+00
-8.744131213345950115e+00,-1.762895847039305153e+01,8.369922227414699378e+00
-8.749347597482849181e+00,-1.764501413408062902e+01,8.378011331835301334e+00
-8.754563924546316045e+00,-1.766106377467309585e+01,8.386097408237988660e+00
-8.759780196417514375e+00,-1.767710740374719336e+01,8.394180462436859003e+00
-8.764996414967047400e+00,-1.769314503284320850e+01,8.402260500227725970e+00
-8.770212582055028960e+00,-1.770917667346515145e+01,8.410337527388197287e+00
-8.775428699531142129e+00,-1.772520233708089421e+01,8.418411549677756511e+00
-8.780644769234701386e+00,-1.774122203512234108e+01,8.426482572837842966e+00
-8.785860792994723667e+00,-1.775723577898557792e+01,8.434550602591924573e+00
-8.791076772629979885e+00,-1.777324358003102844e+01,8.442615644645581341e+00
-8.796292709949065980e+00,-1.778924544958361764e+01,8.450677704686581748e+00
-8.801508606750461539e+00,-1.780524139893291746e+01,8.458736788384955574e+00
-8.806724464822590193e+00,-1.782123143933329601e+01,8.466792901393073834e+00
-8.811940285943880014e+00,-1.783721558200407742e+01,8.474846049345725163e+00
-8.817156071882829238e+00,-1.785319383812968752e+01,8.482896237860188648e+00
-8.822371824398056006e+00,-1.786916621885981371e+01,8.490943472536311987e+00
-8.827587545238367639e+00,-1.788513273530954351e+01,8.498987758956584315e+00
-8.832803236142817482e+00,-1.790109339855952086e+01,8.507029102686216149e+00
-8.838018898840759974e+00,-1.791704821965608829e+01,8.515067509273201551e+00
-8.843234535051909262e+00,-1.793299720961143962e+01,8.523102984248406955e+00
-8.848450146486404932e+00,-1.794894037940376563e+01,8.531135533125629777e+00
-8.853665734844858193e+00,-1.796487773997739268e+01,8.539165161401681914e+00
-8.858881301818415821e+00,-1.798080930224293539e+01,8.547191874556460789e+00
-8.864096849088817009e+00,-1.799673507707744236e+01,8.555215678053015083e+00
-8.869312378328450208e+00,-1.801265507532452759e+01,8.563236577337624666e+00
-8.874527891200402863e+00,-1.802856930779452682e+01,8.571254577839862776e+00
-8.879743389358523586e+00,-1.804447778526463253e+01,8.579269684972675947e+00
-8.884958874447473676e+00,-1.806038051847902892e+01,8.587281904132449739e+00
-8.890174348102785729e+00,-1.807627751814904116e+01,8.595291240699081570e+00
-8.895389811950913383e+00,-1.809216879495328101e+01,8.603297700036046436e+00
-8.900605267609288163e+00,-1.810805435953776410e+01,8.611301287490471523e+00
-8.905820716686370986e+00,-1.812393422251606623e+01,8.619302008393198378e+00
-8.911036160781709015e+00,-1.813980839446945836e+01,8.627299868058861065e+00
-8.916251601485987166e+00,-1.815567688594703100e+01,8.635294871785946569e+00
-8.921467040381079627e+00,-1.817153970746583980e+01,8.643287024856864065e+00
-8.926682479040101370e+00,-1.818739686951104773e+01,8.651276332538019531e+00
-8.931897919027461441e+00,-1.820324838253603872e+01,8.659262800079870814e+00
-8.937113361898914476e+00,-1.821909425696257046e+01,8.667246432717007565e+00
-8.942328809201610440e+00,-1.823493450318089870e+01,8.675227235668208081e+00
-8.947544262474147914e+00,-1.825076913154990521e+01,8.683205214136508587e+00
-8.952759723246622059e+00,-1.826659815239724338e+01,8.691180373309268958e+00
-8.957975193040679684e+00,-1.828242157601945550e+01,8.699152718358243774e+00
-8.963190673369558326e+00,-1.829823941268210774e+01,8.707122254439635611e+00
-8.968406165738146640e+00,-1.831405167261991807e+01,8.715088986694173201e+00
-8.973621671643028819e+00,-1.832985836603688412e+01,8.723052920247164721e+00
-8.978837192572534320e+00,-1.834565950310641469e+01,8.731014060208568850e+00
-8.984052730006785836e+00,-1.836145509397145759e+01,8.738972411673055163e+00
-8.989268285417745474e+00,-1.837724514874462045e+01,8.746927979720068080e+00
-8.994483860269264497e+00,-1.839302967750830220e+01,8.754880769413894370e+00
-8.999699456017134835e+00,-1.840880869031481026e+01,8.762830785803719991e+00
-9.004915074109126394e+00,-1.842458219718650270e+01,8.770778033923694039e+00
-9.010130715985043892e+00,-1.844035020811588765e+01,8.778722518792992702e+00
-9.015346383076764170e+00,-1.845611273306576905e+01,8.786664245415881425e+00
-9.020562076808293028e+00,-1.847186978196935314e+01,8.794603218781775311e+00
-9.025777798595800760e+00,-1.848762136473038353e+01,8.802539443865295965e+00
-9.030993549847675439e+00,-1.850336749122324775e+01,8.810472925626338991e+00
-9.036209331964561997e+00,-1.851910817129311226e+01,8.818403669010134394e+00
-9.041425146339411967e+00,-1.853484341475603969e+01,8.826331678947299864e+00
-9.046640994357522558e+00,-1.855057323139909542e+01,8.834256960353908283e+00
-9.051856877396589951e+00,-1.856629763098047903e+01,8.842179518131546345e+00
-9.057072796826746597e+00,-1.858201662322964864e+01,8.850099357167367842e+00
-9.062288754010603853e+00,-1.859773021784741687e+01,8.858016482334157615e+00
-9.067504750303301719e+00,-1.861343842450608932e+01,8.865930898490390177e+00
-9.072720787052544367e+00,-1.862914125284956768e+01,8.873842610480286552e+00
-9.077936865598648097e+00,-1.864483871249347047e+01,8.881751623133872897e+00
-9.083152987274585755e+00,-1.866053081302525385e+01,8.889657941267039121e+00
-9.088369153406022249e+00,-1.867621756400430755e+01,8.897561569681595728e+00
-9.093585365311364299e+00,-1.869189897496209340e+01,8.905462513165328886e+00
-9.098801624301792401e+00,-1.870757505540223775e+01,8.913360776492059045e+00
-9.104017931681315901e+00,-1.872324581480066286e+01,8.921256364421701335e+00
-9.109234288746799635e+00,-1.873891126260568285e+01,8.929149281700317076e+00
-9.114450696788013673e+00,-1.875457140823811741e+01,8.937039533060167074e+00
-9.119667157087674170e+00,-1.877022626109141612e+01,8.944927123219775567e+00
-9.124883670921480672e+00,-1.878587583053175791e+01,8.952812056883979963e+00
-9.130100239558156971e+00,-1.880152012589816124e+01,8.960694338743987686e+00
-9.135316864259490188e+00,-1.881715915650259774e+01,8.968573973477427685e+00
-9.140533546280371624e+00,-1.883279293163009882e+01,8.976450965748414390e+00
-9.145750286868835843e+00,-1.884842146053885870e+01,8.984325320207588561e+00
-9.150967087266101530e+00,-1.886404475246035517e+01,8.992197041492183018e+00
-9.156183948706608788e+00,-1.887966281659944556e+01,9.000066134226070602e+00
-9.161400872418052899e+00,-1.889527566213447685e+01,9.007932603019817464e+00
-9.166617859621430497e+00,-1.891088329821738867e+01,9.015796452470739908e+00
-9.171834911531073331e+00,-1.892648573397382705e+01,9.023657687162952357e+00
-9.177052029354687335e+00,-1.894208297850323675e+01,9.031516311667425967e+00
-9.182269214293391713e+00,-1.895767504087898203e+01,9.039372330542034817e+00
-9.187486467541750912e+00,-1.897326193014843554e+01,9.047225748331612749e+00
-9.192703790287817256e+00,-1.898884365533309193e+01,9.055076569568003109e+00
-9.197921183713162918e+00,-1.900442022542865672e+01,9.062924798770110257e+00
-9.203138648992924331e+00,-1.901999164940517062e+01,9.070770440443951088e+00
-9.208356187295830608e+00,-1.903555793620709480e+01,9.078613499082706539e+00
-9.213573799784242624e+00,-1.905111909475341392e+01,9.086453979166774886e+00
-9.218791487614188540e+00,-1.906667513393774271e+01,9.094291885163814371e+00
-9.224009251935401110e+00,-1.908222606262842191e+01,9.102127221528803602e+00
-9.229227093891347877e+00,-1.909777188966861772e+01,9.109959992704082410e+00
-9.234445014619275582e+00,-1.911331262387642482e+01,9.117790203119410464e+00
-9.239663015250238587e+00,-1.912884827404495880e+01,9.125617857192009907e+00
-9.244881096909130846e+00,-1.914437884894246622e+01,9.133442959326616872e+00
-9.250099260714728544e+00,-1.915990435731240638e+01,9.141265513915532992e+00
-9.255317507779718511e+00,-1.917542480787356496e+01,9.149085525338671587e+00
-9.260535839210733755e+00,-1.919094020932013933e+01,9.156902997963603852e+00
-9.265754256108390763e+00,-1.920645057032183445e+01,9.164717936145613919e+00
-9.270972759567314370e+00,-1.922195589952396588e+01,9.172530344227739718e+00
-9.276191350676180392e+00,-1.923745620554755575e+01,9.180340226540826265e+00
-9.281410030517744048e+00,-1.925295149698941799e+01,9.188147587403570071e+00
-9.286628800168875486e+00,-1.926844178242226135e+01,9.195952431122568882e+00
-9.291847660700589984e+00,-1.928392707039477827e+01,9.203754761992364308e+00
-9.297066613178081695e+00,-1.929940736943174784e+01,9.211554584295496895e+00
-9.302285658660755630e+00,-1.931488268803411401e+01,9.219351902302543422e+00
-9.307504798202261398e+00,-1.933035303467908861e+01,9.227146720272170199e+00
-9.312724032850521638e+00,-1.934581841782024014e+01,9.234939042451175695e+00
-9.317943363647771093e+00,-1.936127884588758619e+01,9.242728873074538498e+00
-9.323162791630577928e+00,-1.937673432728768574e+01,9.250516216365461730e+00
-9.328382317829881032e+00,-1.939218487040372807e+01,9.258301076535419227e+00
-9.333601943271023771e+00,-1.940763048359561793e+01,9.266083457784199950e+00
-9.338821668973778856e+00,-1.942307117520008219e+01,9.273863364299952394e+00
-9.344041495952380316e+00,-1.943850695353074087e+01,9.281640800259236102e+00
-9.349261425215560806e+00,-1.945393782687820305e+01,9.289415769827053637e+00
-9.354481457766572916e+00,-1.946936380351015927e+01,9.297188277156907432e+00
-9.359701594603222929e+00,-1.948478489167146321e+01,9.304958326390837087e+00
-9.364921836717901016e+00,-1.950020109958422054e+01,9.312725921659467332e+00
-9.370142185097614984e+00,-1.951561243544788127e+01,9.320491067082045333e+00
-9.375362640724011598e+00,-1.953101890743932145e+01,9.328253766766490429e+00
-9.380583204573412104e+00,-1.954642052371293204e+01,9.336014024809434986e+00
-9.385803877616838875e+00,-1.956181729240070410e+01,9.343771845296270584e+00
-9.391024660820047387e+00,-1.957720922161231414e+01,9.351527232301187098e+00
-9.396245555143549311e+00,-1.959259631943520930e+01,9.359280189887213552e+00
-9.401466561542648037e+00,-1.960797859393468912e+01,9.367030722106267859e+00
-9.406687680967465326e+00,-1.962335605315399789e+01,9.374778832999194123e+00
-9.411908914362962619e+00,-1.963872870511439928e+01,9.382524526595801717e+00
-9.417130262668981899e+00,-1.965409655781526865e+01,9.390267806914916804e+00
-9.422351726820259898e+00,-1.966945961923417130e+01,9.398008677964414304e+00
-9.427573307746468956e+00,-1.968481789732693699e+01,9.405747143741264082e+00
-9.432795006372236557e+00,-1.970017140002776301e+01,9.413483208231571808e+00
-9.438016823617170203e+00,-1.971552013524927105e+01,9.421216875410618030e+00
-9.443238760395896492e+00,-1.973086411088261016e+01,9.428948149242902588e+00
-9.448460817618075325e+00,-1.974620333479752787e+01,9.436677033682181914e+00
-9.453682996188435439e+00,-1.976153781484244831e+01,9.444403532671511670e+00
-9.458905297006795720e+00,-1.977686755884456105e+01,9.452127650143285820e+00
-9.464127720968095403e+00,-1.979219257460988857e+01,9.459849390019277493e+00
-9.469350268962422490e+00,-1.980751286992338578e+01,9.467568756210678060e+00
