0.000000000000000000e+00,-1.000000000000000000e+00,0.000000000000000000e+00
-9.999938202962965761e-03,-9.999998326764925061e-01,2.856808927741302055e-07
-1.999975029703167720e-02,-9.999993290308338834e-01,1.141891198703674177e-06
-2.999943126882658254e-02,-9.999984856572805558e-01,2.566948824254732045e-06
-3.999897613889186188e-02,-9.999972990375307624e-01,4.559136162720377587e-06
-4.999837996464236156e-02,-9.999957655374706045e-01,7.116698450360956390e-06
-5.999763784360509500e-02,-9.999938814038780155e-01,1.023784209946351335e-05
-6.999674491697395473e-02,-9.999916427610942016e-01,1.392073301252854292e-05
-7.999569637349727980e-02,-9.999890456076715450e-01,1.816349488252131712e-05
-8.999448745371883829e-02,-9.999860858130104058e-01,2.296420748493972368e-05
-9.999311345459341305e-02,-9.999827591139980321e-01,2.832090496835863925e-05
-1.099915697344994864e-01,-9.999790611116642358e-01,3.423157415112032878e-05
-1.199898517186717556e-01,-9.999749872678731499e-01,4.069415283295987039e-05
-1.299879549050773908e-01,-9.999705329020702749e-01,4.770652813159232612e-05
-1.399858748707600853e-01,-9.999656931881081290e-01,5.526653485565346228e-05
-1.499836072786766838e-01,-9.999604631511761488e-01,6.337195392688690432e-05
-1.599811478850512725e-01,-9.999548376648647041e-01,7.202051086611569158e-05
-1.699784925472718478e-01,-9.999488114483962020e-01,8.120987435933385177e-05
-1.799756372323539633e-01,-9.999423790640595833e-01,9.093765492221094577e-05
-1.899725780259960140e-01,-9.999355349148898453e-01,1.012014036834251026e-04
-1.999693111422487790e-01,-9.999282732426381104e-01,1.119986113095329495e-04
-2.099658329338217888e-01,-9.999205881260833095e-01,1.233267070965503027e-04
-2.199621399030458613e-01,-9.999124734797413261e-01,1.351830582560549921e-04
-2.299582287135095715e-01,-9.999039230530325506e-01,1.475649694264289822e-04
-2.399540962023837820e-01,-9.998949304299770136e-01,1.604696824428227366e-04
-2.499497393934443368e-01,-9.998854890294887054e-01,1.738943764025371896e-04
-2.599451555107983314e-01,-9.998755921063523511e-01,1.878361680657578527e-04
-2.699403419933130710e-01,-9.998652327529662376e-01,2.022921126349131360e-04
-2.799352965097396395e-01,-9.998544039019485741e-01,2.172592049593288072e-04
-2.899300169745154254e-01,-9.998430983297045271e-01,2.327343812152650145e-04
-2.999245015642187928e-01,-9.998313086610647327e-01,2.487145211147914325e-04
-3.099187487346387604e-01,-9.998190273751069723e-01,2.651964507002069053e-04
-3.199127572384092288e-01,-9.998062468122814739e-01,2.821769457837526693e-04
-3.299065261431422535e-01,-9.997929591829668450e-01,2.996527360950978765e-04
-3.399000548499781504e-01,-9.997791565775853151e-01,3.176205102013651086e-04
-3.498933431124523485e-01,-9.997648309784109566e-01,3.360769212661712455e-04
-3.598863910555569756e-01,-9.997499742732079975e-01,3.550185937151153961e-04
-3.698791991948536251e-01,-9.997345782708331186e-01,3.744421308751691045e-04
-3.798717684554692164e-01,-9.997186347189357392e-01,3.943441236543039500e-04
-3.898641001907794390e-01,-9.997021353238850772e-01,4.147211603252088947e-04
-3.998561962005583448e-01,-9.996850717730443314e-01,4.355698374728594153e-04
-4.098480587483416815e-01,-9.996674357594999005e-01,4.568867721597552329e-04
-4.198396905777232457e-01,-9.996492190093386743e-01,4.786686153545908692e-04
-4.298310949272727832e-01,-9.996304133115442303e-01,5.009120666597097118e-04
-4.398222755437350417e-01,-9.996110105505585652e-01,5.236138903596893263e-04
-4.498132366931409942e-01,-9.995910027415223498e-01,5.467709327976090364e-04
-4.598039831694373802e-01,-9.995703820681718366e-01,5.703801410668020086e-04
-4.697945203002178993e-01,-9.995491409233233648e-01,5.944385829841036762e-04
-4.797848539491236797e-01,-9.995272719518312199e-01,6.189434682857688315e-04
-4.897749905144692106e-01,-9.995047680958453196e-01,6.438921709594411236e-04
-4.997649369236473738e-01,-9.994816226421366911e-01,6.692822525950469772e-04
-5.097547006228754229e-01,-9.994578292711918666e-01,6.951114866046385204e-04
-5.197442895618601399e-01,-9.994333821077083790e-01,7.213778831265599874e-04
-5.297337121729930320e-01,-9.994082757720524901e-01,7.480797143935962725e-04
-5.397229773447291823e-01,-9.993825054321693324e-01,7.752155403088824845e-04
-5.497120943888642586e-01,-9.993560668553633786e-01,8.027842339384061530e-04
-5.597010730014971847e-01,-9.993289564593063057e-01,8.307850065961728354e-04
-5.696899232175564043e-01,-9.993011713615655989e-01,8.592174321689222951e-04
-5.796786553588726409e-01,-9.992727094269046040e-01,8.880814703031558862e-04
-5.896672799758956307e-01,-9.992435693115661044e-01,9.173774880596826569e-04
-5.996558077832847555e-01,-9.992137505037338441e-01,9.471062796313698936e-04
-6.096442495897370639e-01,-9.991832533593684174e-01,9.772690837196458102e-04
-6.196326162225577194e-01,-9.991520791326310436e-01,1.007867598175656758e-03
-6.296209184476191378e-01,-9.991202300001558179e-01,1.038903991533640441e-03
-6.396091668854921863e-01,-9.990877090784966441e-01,1.070380911097449338e-03
-6.495973719246554978e-01,-9.990545204341648722e-01,1.102301487286172542e-03
-6.595855436328035282e-01,-9.990206690857881267e-01,1.134669334000866937e-03
-6.695736916673613592e-01,-9.989861609980501544e-01,1.167488544840388680e-03
-6.795618251863785320e-01,-9.989510030672223984e-01,1.200763685068521316e-03
-6.895499527610130519e-01,-9.989152030982587638e-01,1.234499779314870678e-03
-6.995380822908178198e-01,-9.988787697735912463e-01,1.268702295075775470e-03
-7.095262209230139838e-01,-9.988417126139345070e-01,1.303377122165890563e-03
-7.195143749768750929e-01,-9.988040419315711294e-01,1.338530548353177854e-03
-7.295025498742495618e-01,-9.987657687767438341e-01,1.374169231486793447e-03
-7.394907500771304987e-01,-9.987269048779175984e-01,1.410300168496022655e-03
-7.494789790330326218e-01,-9.986874625767911962e-01,1.446930661696544046e-03
-7.594672391287720092e-01,-9.986474547590291628e-01,1.484068282885948453e-03
-7.694555316530665712e-01,-9.986068947817496877e-01,1.521720835742213342e-03
-7.794438567681887253e-01,-9.985657963988369135e-01,1.559896317056007169e-03
-7.894322134907199029e-01,-9.985241736851534489e-01,1.598602877330196305e-03
-7.994205996812762116e-01,-9.984820409607035874e-01,1.637848781268315358e-03
-8.094090120429096036e-01,-9.984394127157516508e-01,1.677642368649160266e-03
-8.193974461277409027e-01,-9.983963035378244921e-01,1.717992016048704900e-03
-8.293858963512512616e-01,-9.983527280414422611e-01,1.758906099825164595e-03
-8.393743560135545900e-01,-9.983087008013106223e-01,1.800392960730459214e-03
-8.493628173268928938e-01,-9.982642362895985944e-01,1.842460870453816639e-03
-8.593512714485425086e-01,-9.982193488178029428e-01,1.885118000343105399e-03
-8.693397085182851258e-01,-9.981740524835813755e-01,1.928372392488781088e-03
-8.793281176995932924e-01,-9.981283611228179975e-01,1.972231933296009990e-03
-8.893164872236881680e-01,-9.980822882670724594e-01,2.016704329614199456e-03
-8.993048044356602988e-01,-9.980358471064614267e-01,2.061797087441127451e-03
-9.092930558418854670e-01,-9.979890504579286281e-01,2.107517493172098369e-03
-9.192812271580274031e-01,-9.979419107387790255e-01,2.153872597323689894e-03
-9.292693033569779937e-01,-9.978944399452833736e-01,2.200869200627041718e-03
-9.392572687161618861e-01,-9.978466496361053650e-01,2.248513842357350700e-03
-9.492451068636985623e-01,-9.977985509202604852e-01,2.296812790744088336e-03
-9.592328008229926706e-01,-9.977501544492829444e-01,2.345772035290146981e-03
-9.692203330553917917e-01,-9.977014704132579626e-01,2.395397280817140439e-03
-9.792076855006226488e-01,-9.976525085403652460e-01,2.445693943047872517e-03
-9.891948396147766109e-01,-9.976032780995757188e-01,2.496667145534946231e-03
-9.991817764056794005e-01,-9.975537879061511237e-01,2.548321717745925287e-03
-1.009168476465528208e+00,-9.975040463296019899e-01,2.600662194119804978e-03
-1.019154920000732822e+00,-9.974540613037790049e-01,2.653692813916142847e-03
-1.029141086858930798e+00,-9.974038403387879281e-01,2.707417521686516192e-03
-1.039126956553192649e+00,-9.973533905344413864e-01,2.761839968207501026e-03
-1.049112508283451151e+00,-9.973027185949818740e-01,2.816963511724646617e-03
-1.059097720955222588e+00,-9.972518308448360402e-01,2.872791219367584400e-03
-1.069082573195703878e+00,-9.972007332451806594e-01,2.929325868607144095e-03
-1.079067043367341494e+00,-9.971494314111292168e-01,2.986569948635868325e-03
-1.089051109578987431e+00,-9.970979306293653588e-01,3.044525661563436160e-03
-1.099034749694756119e+00,-9.970462358760765476e-01,3.103194923328047358e-03
-1.109017941340707303e+00,-9.969943518350574685e-01,3.162579364233690082e-03
-1.119000661909481664e+00,-9.969422829158760546e-01,3.222680329031296035e-03
-1.128982888563012432e+00,-9.968900332720100899e-01,3.283498876469073680e-03
-1.138964598233439540e+00,-9.968376068188796735e-01,3.345035778243740394e-03
-1.148945767622350012e+00,-9.967850072517168147e-01,3.407291517289967164e-03
-1.158926373198459370e+00,-9.967322380632257506e-01,3.470266285350100816e-03
-1.168906391193851757e+00,-9.966793025609995693e-01,3.533959979770172257e-03
-1.178885797598887342e+00,-9.966262038846710469e-01,3.598372199471358990e-03
-1.188864568155880486e+00,-9.965729450227840402e-01,3.663502240048490104e-03
-1.198842678351650370e+00,-9.965195288293801079e-01,3.729349087948891084e-03
-1.208820103409035562e+00,-9.964659580403038008e-01,3.795911413685922227e-03
-1.218796818277464000e+00,-9.964122352892356149e-01,3.863187564041994666e-03
-1.228772797622662338e+00,-9.963583631234673721e-01,3.931175553215710515e-03
-1.238748015815584358e+00,-9.963043440194401246e-01,3.999873052867087588e-03
-1.248722446920635276e+00,-9.962501803980692294e-01,4.069277381013661210e-03
-1.258696064683267446e+00,-9.961958746398842379e-01,4.139385489728601188e-03
-1.268668842517012951e+00,-9.961414291000156851e-01,4.210193951589944958e-03
-1.278640753490025705e+00,-9.960868461230618642e-01,4.281698944827542173e-03
-1.288611770311198779e+00,-9.960321280578740000e-01,4.353896237111528657e-03
-1.298581865315921569e+00,-9.959772772722972345e-01,4.426781167922928459e-03
-1.308551010451542540e+00,-9.959222961679096153e-01,4.500348629443561010e-03
-1.318519177262607700e+00,-9.958671871948010512e-01,4.574593045898614832e-03
-1.328486336875936979e+00,-9.958119528664365339e-01,4.649508351281280219e-03
-1.338452459985614684e+00,-9.957565957746496998e-01,4.725087965384550288e-03
-1.348417516837963515e+00,-9.957011186048131401e-01,4.801324768060869289e-03
-1.358381477216583200e+00,-9.956455241512348620e-01,4.878211071625681433e-03
-1.368344310427534127e+00,-9.955898153328286426e-01,4.955738591316178644e-03
-1.378305985284758339e+00,-9.955339952091105671e-01,5.033898413711710047e-03
-1.388266470095832927e+00,-9.954780669965718198e-01,5.112680963017394650e-03
-1.398225732648162856e+00,-9.954220340854812443e-01,5.192075965107606668e-03
-1.408183740195728006e+00,-9.953659000571711823e-01,5.272072409221170881e-03
-1.418140459446513679e+00,-9.953096687018601063e-01,5.352658507195405188e-03
-1.428095856550762655e+00,-9.952533440370678886e-01,5.433821650121703137e-03
-1.438049897090205587e+00,-9.951969303266794409e-01,5.515548362301204988e-03
-1.448002546068440921e+00,-9.951404321007124576e-01,5.597824252375414346e-03
-1.457953767902652187e+00,-9.950838541758464384e-01,5.680633961503540018e-03
-1.467903526416876270e+00,-9.950272016767691685e-01,5.763961108455967035e-03
-1.477851784837051596e+00,-9.949704800583966113e-01,5.847788231491886021e-03
-1.487798505788105130e+00,-9.949136951290236119e-01,5.932096726888862886e-03
-1.497743651293361733e+00,-9.948568530744575922e-01,6.016866783993348594e-03
-1.507687182776592749e+00,-9.947999604831907483e-01,6.102077316664044834e-03
-1.517629061067045093e+00,-9.947430243726596011e-01,6.187705890985078193e-03
-1.527569246407839643e+00,-9.946860522166401930e-01,6.273728649133412071e-03
-1.537507698468152606e+00,-9.946290519738231195e-01,6.360120229295391191e-03
-1.547444376359648377e+00,-9.945720321176053647e-01,6.446853681541192191e-03
-1.557379238657664144e+00,-9.945150016671319149e-01,6.533900379583932466e-03
-1.567312243427704033e+00,-9.944579702196101323e-01,6.621229928372864004e-03
-1.577243348257846955e+00,-9.944009479839107657e-01,6.708810067498253461e-03
-1.587172510297724104e+00,-9.943439458154578192e-01,6.796606570420016084e-03
-1.597099686304783939e+00,-9.942869752523937343e-01,6.884583139573929346e-03
-1.607024832698614514e+00,-9.942300485529911303e-01,6.972701297459222604e-03
-1.616947905624158244e+00,-9.941731787342609206e-01,7.060920273870777662e-03
-1.626868861024713731e+00,-9.941163796116824214e-01,7.149196889509146918e-03
-1.636787654725680108e+00,-9.940596658399540875e-01,7.237485436283512021e-03
-1.646704242530062423e+00,-9.940030529546323157e-01,7.325737554717839072e-03
-1.656618580326811419e+00,-9.939465574144863425e-01,7.413902108980309144e-03
-1.666530624213127254e+00,-9.938901966443575153e-01,7.501925060181971819e-03
-1.676440330631902009e+00,-9.938339890782605934e-01,7.589749338733921789e-03
-1.686347656525514660e+00,-9.937779542024128832e-01,7.677314716714432781e-03
-1.696252559507217095e+00,-9.937221125978142888e-01,7.764557681379504091e-03
-1.706154998051353955e+00,-9.936664859819337448e-01,7.851411311153137090e-03
-1.716054931703652642e+00,-9.936110972489834436e-01,7.937805155657817399e-03
-1.725952321312776094e+00,-9.935559705081782322e-01,8.023665121591192981e-03
-1.735847129284258106e+00,-9.935011311192919470e-01,8.108913366521072752e-03
-1.745739319857836813e+00,-9.934466057247234305e-01,8.193468202956084856e-03
-1.755628859409039899e+00,-9.933924222771873813e-01,8.277244015351018641e-03
-1.765515716775668320e+00,-9.933386100620386072e-01,8.360151193019820307e-03
-1.775399863609556039e+00,-9.932851997131327826e-01,8.442096082249994637e-03
-1.785281274753641068e+00,-9.932322232210197832e-01,8.522980961231966732e-03
-1.795159928643967229e+00,-9.931797139321623114e-01,8.602704041726161668e-03
-1.805035807735732911e+00,-9.931277065377790425e-01,8.681159501676940365e-03
-1.814908898951916649e+00,-9.930762370508269266e-01,8.758237553231134828e-03
-1.824779194152317707e+00,-9.930253427695762136e-01,8.833824550812316434e-03
-1.834646690620080678e+00,-9.929750622261902526e-01,8.907803144019798419e-03
-1.844511391561892699e+00,-9.929254351187197791e-01,8.980052480140814780e-03
-1.854373306617098205e+00,-9.928765022249541605e-01,9.050448460960782565e-03
-1.864232452369948057e+00,-9.928283052966589972e-01,9.118864058303689096e-03
-1.874088852858131204e+00,-9.927808869328738073e-01,9.185169692306430905e-03
-1.883942540069647897e+00,-9.927342904311543537e-01,9.249233675802230950e-03
-1.893793554419008540e+00,-9.926885596159273906e-01,9.310922727337338917e-03
-1.903641945192732887e+00,-9.926437386434939780e-01,9.370102554255684696e-03
-1.913487770953235190e+00,-9.925998717836610474e-01,9.426638505949547220e-03
-1.923331099889461715e+00,-9.925570031785114766e-01,9.480396295792746508e-03
-1.933172010102181648e+00,-9.925151765794261172e-01,9.531242788462073942e-03
-1.943010589811671629e+00,-9.924744350641435675e-01,9.579046847343669971e-03
-1.952846937475751110e+00,-9.924348207363608010e-01,9.623680234562857760e-03
-1.962681161806784980e+00,-9.923963744111272689e-01,9.665018553935363771e-03
-1.972513381677396094e+00,-9.923591352900273943e-01,9.702942224900050830e-03
-1.982343725906278387e+00,-9.923231406308598013e-01,9.737337473358548962e-03
-1.992172332917641731e+00,-9.922884254171562279e-01,9.768097323427867712e-03
-2.001999350270457612e+00,-9.922550220334118709e-01,9.795122572526213794e-03
-2.011824934056714920e+00,-9.922229599522717214e-01,9.818322731076196963e-03
-2.021649248171283997e+00,-9.921922654401099662e-01,9.837616907529317736e-03
-2.031472463459557787e+00,-9.921629612874109938e-01,9.852934619477270520e-03
-2.041294756752682460e+00,-9.921350665701056393e-01,9.864216512376778462e-03
-2.051116309803707516e+00,-9.921085964475158114e-01,9.871414968896336656e-03
-2.060937308141210789e+00,-9.920835620018294554e-01,9.874494594075234472e-03
-2.070757939859729113e+00,-9.920599701230833345e-01,9.873432564303305167e-03
-2.080578394368476580e+00,-9.920378234425132336e-01,9.868218831478229799e-03
-2.090398861121248952e+00,-9.920171203158802964e-01,9.858856177433428236e-03
-2.100219528351026987e+00,-9.919978548570648202e-01,9.845360117684243476e-03
-2.110040581832531625e+00,-9.919800170208857848e-01,9.827758657528190556e-03
-2.119862203694918179e+00,-9.919635927328286362e-01,9.806091907369843610e-03
-2.129684571304943486e+00,-9.919485640621937828e-01,9.780411567647018939e-03
-2.139507856238441974e+00,-9.919349094341748385e-01,9.750780296761235935e-03
-2.149332223354924132e+00,-9.919226038755640795e-01,9.717270977844428767e-03
-2.159157829986744659e+00,-9.919116192882062588e-01,9.679965901948547544e-03
-2.168984825250737991e+00,-9.919019247439729847e-01,9.638955886291064243e-03
-2.178813349486659945e+00,-9.918934867949217304e-01,9.594339346535349367e-03
-2.188643533823370291e+00,-9.918862697924079042e-01,9.546221341776002164e-03
-2.198475499870546468e+00,-9.918802362092197233e-01,9.494712610011619980e-03
-2.208309359530969740e+00,-9.918753469592669347e-01,9.439928610519390459e-03
-2.218145214926122932e+00,-9.918715617099327364e-01,9.381988587808294186e-03
-2.227983158426003030e+00,-9.918688391828698325e-01,9.321014669836187247e-03
-2.237823272772744065e+00,-9.918671374397304286e-01,9.257131011042071811e-03
-2.247665631286776211e+00,-9.918664141500509457e-01,9.190462988570711339e-03
-2.257510298143859284e+00,-9.918666268392176688e-01,9.121136457940191150e-03
-2.267357328711280928e+00,-9.918677331151137810e-01,9.049277072395403576e-03
-2.277206769931837016e+00,-9.918696908726563066e-01,8.975009668355087358e-03
-2.287058660744763383e+00,-9.918724584759770480e-01,8.898457717733610634e-03
-2.296913032533560717e+00,-9.918759949184632330e-01,8.819742846521391386e-03
-2.306769909591554146e+00,-9.918802599612634996e-01,8.738984417846835245e-03
-2.316629309597019404e+00,-9.918852142511711545e-01,8.656299176813630689e-03
-2.326491244090730159e+00,-9.918908194190326766e-01,8.571800953697424064e-03
-2.336355718949801208e+00,-9.918970381599993003e-01,8.485600421576615024e-03
-2.346222734852700498e+00,-9.919038342970470934e-01,8.397804904140555859e-03
-2.356092287731223589e+00,-9.919111728292516750e-01,8.308518229240488551e-03
-2.365964369206102091e+00,-9.919190199663153740e-01,8.217840623699229977e-03
-2.375838967003686353e+00,-9.919273431508306427e-01,8.125868644950861447e-03
-2.385716065351848325e+00,-9.919361110697101358e-01,8.032695145219290872e-03
-2.395595645353844283e+00,-9.919452936561535816e-01,7.938409264144186128e-03
-2.405477685339412197e+00,-9.919548620834331976e-01,7.843096446006819072e-03
-2.415362161192806667e+00,-9.919647887516924722e-01,7.746838477981579478e-03
-2.425249046657850904e+00,-9.919750472688533272e-01,7.649713546128754024e-03
-2.435138313620365036e+00,-9.919856124266281938e-01,7.551796306140180423e-03
-2.445029932368586234e+00,-9.919964601725349551e-01,7.453157966143660051e-03
-2.454923871832354276e+00,-9.920075675787187741e-01,7.353866379158070093e-03
-2.464820099801988462e+00,-9.920189128082900210e-01,7.253986143064604028e-03
-2.474718583127867522e+00,-9.920304750798041304e-01,7.153578706217084658e-03
-2.484619287901783657e+00,-9.920422346304288430e-01,7.052702477053962409e-03
-2.494522179621180502e+00,-9.920541726782701186e-01,6.951412936295165226e-03
-2.504427223337391428e+00,-9.920662713842601788e-01,6.849762750508098935e-03
-2.514334383788985328e+00,-9.920785138139522896e-01,6.747801886008960963e-03
-2.524243625521305212e+00,-9.920908838995112777e-01,6.645577722228657690e-03
-2.534154912993254793e+00,-9.921033664021396969e-01,6.543135163817951662e-03
-2.544068210672344232e+00,-9.921159468751394872e-01,6.440516750895063439e-03
-2.553983483118955178e+00,-9.921286116277668876e-01,6.337762766951983949e-03
-2.563900695060737700e+00,-9.921413476900099448e-01,6.234911344034543140e-03
-2.573819811458004647e+00,-9.921541427783865386e-01,6.131998564897032412e-03
-2.583740797560917013e+00,-9.921669852628373087e-01,6.029058561906209396e-03
-2.593663618959220152e+00,-9.921798641347663317e-01,5.926123612532979354e-03
-2.603588241625225397e+00,-9.921927689762651825e-01,5.823224231324110149e-03
-2.613514631950676570e+00,-9.922056899305391475e-01,5.720389258292090176e-03
-2.623442756778108009e+00,-9.922186176735440233e-01,5.617645943699599471e-03
-2.633372583427231906e+00,-9.922315433868293955e-01,5.515020029247007412e-03
-2.643304079716863875e+00,-9.922444587315765174e-01,5.412535825697630497e-03
-2.653237213982847287e+00,-9.922573558238101388e-01,5.310216286996871128e-03
-2.663171955092395127e+00,-9.922702272107619681e-01,5.208083080958586693e-03
-2.673108272455234413e+00,-9.922830658483536848e-01,5.106156656605553498e-03
-2.683046136031903117e+00,-9.922958650797680802e-01,5.004456308261352217e-03
-2.692985516339518881e+00,-9.923086186150725796e-01,4.903000236498776532e-03
-2.702926384455303754e+00,-9.923213205118579516e-01,4.801805606055403915e-03
-2.712868712018128292e+00,-9.923339651568530151e-01,4.700888600830608645e-03
-2.722812471228313047e+00,-9.923465472484774841e-01,4.600264476080357171e-03
-2.732757634845896622e+00,-9.923590617802925395e-01,4.499947607926857961e-03
-2.742704176187565235e+00,-9.923715040253109354e-01,4.399951540299812738e-03
-2.752652069122418332e+00,-9.923838695211267824e-01,4.300289029424762648e-03
-2.762601288066721672e+00,-9.923961540558275951e-01,4.200972085972099965e-03
-2.772551807977791327e+00,-9.924083536546519646e-01,4.102012014977804953e-03
-2.782503604347134285e+00,-9.924204645673547764e-01,4.003419453644001952e-03
-2.792456653192957106e+00,-9.924324832562467780e-01,3.905204407124170541e-03
-2.802410931052139453e+00,-9.924444063848741893e-01,3.807376282394288412e-03
-2.812366414971772421e+00,-9.924562308073040517e-01,3.709943920307501915e-03
-2.822323082500329594e+00,-9.924679535579867817e-01,3.612915625926100844e-03
-2.832280911678550339e+00,-9.924795718421627333e-01,3.516299197220705552e-03
-2.842239881030095727e+00,-9.924910830267867912e-01,3.420101952222703509e-03
-2.852199969552035252e+00,-9.925024846319413507e-01,3.324330754712105651e-03
-2.862161156705207876e+00,-9.925137743227125942e-01,3.228992038519200389e-03
-2.872123422404512461e+00,-9.925249499015050825e-01,3.134091830514629598e-03
-2.882086747009152017e+00,-9.925360093007704609e-01,3.039635772358885782e-03
-2.892051111312879730e+00,-9.925469505761277400e-01,2.945629141078681245e-03
-2.902016496534266299e+00,-9.925577718998548349e-01,2.852076868534220069e-03
-2.911982884307017905e+00,-9.925684715547288262e-01,2.758983559838092559e-03
-2.921950256670369228e+00,-9.925790479281986212e-01,2.666353510783349423e-03
-2.931918596059566617e+00,-9.925894995068688109e-01,2.574190724335253741e-03
-2.941887885296463612e+00,-9.925998248712800676e-01,2.482498926238299684e-03
-2.951858107580236812e+00,-9.926100226909679858e-01,2.391281579787294873e-03
-2.961829246478238975e+00,-9.926200917197860463e-01,2.300541899808657403e-03
-2.971801285916996882e+00,-9.926300307914770471e-01,2.210282865895535440e-03
-2.981774210173364192e+00,-9.926398388154809016e-01,2.120507234937960353e-03
-2.991748003865833727e+00,-9.926495147729638147e-01,2.031217552986960134e-03
-3.001722651946018061e+00,-9.926590577130580684e-01,1.942416166489387142e-03
-3.011698139690297538e+00,-9.926684667493000935e-01,1.854105232928162858e-03
-3.021674452691645030e+00,-9.926777410562565018e-01,1.766286730900697328e-03
-3.031651576851624785e+00,-9.926868798663266436e-01,1.678962469666397343e-03
-3.041629498372568463e+00,-9.926958824667132530e-01,1.592134098192435994e-03
-3.051608203749931025e+00,-9.927047481965511899e-01,1.505803113725313674e-03
-3.061587679764822933e+00,-9.927134764441859494e-01,1.419970869914179536e-03
-3.071567913476719980e+00,-9.927220666445930597e-01,1.334638584510420938e-03
-3.081548892216349422e+00,-9.927305182769322611e-01,1.249807346666635633e-03
-3.091530603578751979e+00,-9.927388308622270285e-01,1.165478123856799339e-03
-3.101513035416517017e+00,-9.927470039611646646e-01,1.081651768438204658e-03
-3.111496175833186939e+00,-9.927550371720087474e-01,9.983290238745846576e-04
-3.121480013176831658e+00,-9.927629301286187147e-01,9.155105306387383750e-04
-3.131464536033790491e+00,-9.927706824985714773e-01,8.331968318119394468e-04
-3.141449733222573482e+00,-9.927782939813774021e-01,7.513883783964393683e-04
-3.151435593787926592e+00,-9.927857643067883320e-01,6.700855343564519418e-04
-3.161422106995052328e+00,-9.927930932331906488e-01,5.892885814021462483e-04
-3.171409262323984013e+00,-9.928002805460796054e-01,5.089977235303570118e-04
-3.181397049464113280e+00,-9.928073260566108171e-01,4.292130913349535013e-04
-3.191385458308860112e+00,-9.928142296002245848e-01,3.499347460990848992e-04
-3.201374478950493430e+00,-9.928209910353389400e-01,2.711626836808387524e-04
-3.211364101675086236e+00,-9.928276102421081939e-01,1.928968382032057282e-04
-3.221354316957611541e+00,-9.928340871212438801e-01,1.151370855586391858e-04
-3.231345115457171513e+00,-9.928404215928932075e-01,3.788324673792826903e-05
-3.241336488012357187e+00,-9.928466135955746896e-01,-3.886490900743442086e-05
-3.251328425636735187e+00,-9.928526630851648438e-01,-1.151076611607155392e-04
-3.261320919514457906e+00,-9.928585700339364051e-01,-1.908453350850360596e-04
-3.271313960995994918e+00,-9.928643344296430584e-01,-2.660782993103505347e-04
-3.281307541593981636e+00,-9.928699562746490237e-01,-3.408069629549852035e-04
-3.291301652979181647e+00,-9.928754355851020508e-01,-4.150317732748107246e-04
-3.301296286976561856e+00,-9.928807723901461602e-01,-4.887532133334992774e-04
-3.311291435561473318e+00,-9.928859667311731307e-01,-5.619717997876734570e-04
-3.321287090855936874e+00,-9.928910186611104027e-01,-6.346880807810869034e-04
-3.331283245125034931e+00,-9.928959282437436196e-01,-7.069026339422945218e-04
-3.341279890773396044e+00,-9.929006955530720324e-01,-7.786160644805644295e-04
-3.351277020341782098e+00,-9.929053206726945469e-01,-8.498290033750694004e-04
-3.361274626503763407e+00,-9.929098036952264117e-01,-9.205421056526555661e-04
-3.371272702062488857e+00,-9.929141447217432193e-01,-9.907560487497403274e-04
-3.381271239947542195e+00,-9.929183438612519952e-01,-1.060471530954124313e-03
-3.391270233211884033e+00,-9.929224012301878233e-01,-1.129689269922727092e-03
-3.401269675028877781e+00,-9.929263169519338961e-01,-1.198410001271465802e-03
-3.411269558689395520e+00,-9.929300911563656573e-01,-1.266634477233693308e-03
-3.421269877599001585e+00,-9.929337239794159276e-01,-1.334363465383802978e-03
-3.431270625275214314e+00,-9.929372155626605689e-01,-1.401597747422780220e-03
-3.441271795344839735e+00,-9.929405660529251332e-01,-1.468338118022652220e-03
-3.451273381541376750e+00,-9.929437756019084960e-01,-1.534585383726943001e-03
-3.461275377702493383e+00,-9.929468443658260313e-01,-1.600340361904389495e-03
-3.471277777767568740e+00,-9.929497725050686618e-01,-1.665603879753319548e-03
-3.481280575775300257e+00,-9.929525601838783411e-01,-1.730376773354221206e-03
-3.491283765861377120e+00,-9.929552075700390779e-01,-1.794659886768163338e-03
-3.501287342256210966e+00,-9.929577148345827275e-01,-1.858454071178842603e-03
-3.511291299282731426e+00,-9.929600821515081055e-01,-1.921760184076149510e-03
-3.521295631354233624e+00,-9.929623096975138674e-01,-1.984579088479248871e-03
-3.531300332972287848e+00,-9.929643976517438242e-01,-2.046911652197273834e-03
-3.541305398724700737e+00,-9.929663461955444692e-01,-2.108758747125827424e-03
-3.551310823283527540e+00,-9.929681555122334968e-01,-2.170121248577574005e-03
-3.561316601403140769e+00,-9.929698257868799782e-01,-2.231000034645294790e-03
-3.571322727918345485e+00,-9.929713572060941962e-01,-2.291395985595853085e-03
-3.581329197742542103e+00,-9.929727499578276939e-01,-2.351309983293604303e-03
-3.591336005865938485e+00,-9.929740042311827608e-01,-2.410742910651843870e-03
-3.601343147353807339e+00,-9.929751202162309109e-01,-2.469695651110970745e-03
-3.611350617344784908e+00,-9.929760981038396883e-01,-2.528169088142097603e-03
-3.621358411049217629e+00,-9.929769380855081318e-01,-2.586164104774903334e-03
-3.631366523747545205e+00,-9.929776403532094564e-01,-2.643681583148590770e-03
-3.641374950788728526e+00,-9.929782050992416176e-01,-2.700722404084852837e-03
-3.651383687588713123e+00,-9.929786325160844251e-01,-2.757287446681820197e-03
-3.661392729628933473e+00,-9.929789227962642073e-01,-2.813377587927998972e-03
-3.671402072454852838e+00,-9.929790761322236925e-01,-2.868993702335262668e-03
-3.681411711674540399e+00,-9.929790927161995517e-01,-2.924136661590007093e-03
-3.691421642957279925e+00,-9.929789727401042709e-01,-2.978807334221616945e-03
-3.701431862032217079e+00,-9.929787163954146845e-01,-3.033006585287436989e-03
-3.711442364687036477e+00,-9.929783238730651718e-01,-3.086735276073472416e-03
-3.721453146766669384e+00,-9.929777953633466270e-01,-3.139994263810091512e-03
-3.731464204172036947e+00,-9.929771310558093145e-01,-3.192784401402024626e-03
-3.741475532858819175e+00,-9.929763311391711644e-01,-3.245106537171996326e-03
-3.751487128836255014e+00,-9.929753958012301762e-01,-3.296961514617358872e-03
-3.761498988165971280e+00,-9.929743252287805966e-01,-3.348350172179115954e-03
-3.771511106960837800e+00,-9.929731196075343158e-01,-3.399273343022764238e-03
-3.781523481383849195e+00,-9.929717791220444845e-01,-3.449731854830401928e-03
-3.791536107647035081e+00,-9.929703039556339039e-01,-3.499726529603580487e-03
-3.801548982010392042e+00,-9.929686942903266367e-01,-3.549258183476398151e-03
-3.811562100780843565e+00,-9.929669503067830583e-01,-3.598327626538362547e-03
-3.821575460311220862e+00,-9.929650721842374628e-01,-3.646935662666563136e-03
-3.831589056999269438e+00,-9.929630601004392210e-01,-3.695083089366722837e-03
-3.841602887286675205e+00,-9.929609142315970471e-01,-3.742770697622713801e-03
-3.851616947658115464e+00,-9.929586347523254863e-01,-3.789999271754144854e-03
-3.861631234640328536e+00,-9.929562218355942882e-01,-3.836769589281638533e-03
-3.871645744801206934e+00,-9.929536756526803343e-01,-3.883082420799446009e-03
-3.881660474748907852e+00,-9.929509963731215638e-01,-3.928938529855049468e-03
-3.891675421130983636e+00,-9.929481841646740081e-01,-3.974338672835430603e-03
-3.901690580633532690e+00,-9.929452391932699351e-01,-4.019283598859682560e-03
-3.911705949980368135e+00,-9.929421616229791026e-01,-4.063774049677683006e-03
-3.921721525932203356e+00,-9.929389516159711215e-01,-4.107810759574526474e-03
-3.931737305285855744e+00,-9.929356093324802623e-01,-4.151394455280453186e-03
-3.941753284873468210e+00,-9.929321349307720368e-01,-4.194525855886009798e-03
-3.951769461561744912e+00,-9.929285285671111128e-01,-4.237205672762200080e-03
-3.961785832251205175e+00,-9.929247903957313381e-01,-4.279434609485380063e-03
-3.971802393875451198e+00,-9.929209205688069861e-01,-4.321213361766671271e-03
-3.981819143400453065e+00,-9.929169192364256658e-01,-4.362542617385688215e-03
-3.991836077823845308e+00,-9.929127865465624536e-01,-4.403423056128351158e-03
-4.001853194174241679e+00,-9.929085226450558022e-01,-4.443855349728607212e-03
-4.011870489510559246e+00,-9.929041276755842249e-01,-4.483840161813858541e-03
-4.021887960921359806e+00,-9.928996017796445361e-01,-4.523378147853918986e-03
-4.031905605524202407e+00,-9.928949450965312007e-01,-4.562469955113327390e-03
-4.041923420465010963e+00,-9.928901577633167941e-01,-4.601116222606855405e-03
-4.051941402917448976e+00,-9.928852399148335728e-01,-4.639317581058045002e-03
-4.061959550082313797e+00,-9.928801916836557107e-01,-4.677074652860626486e-03
-4.071977859186933557e+00,-9.928750132000828676e-01,-4.714388052042680841e-03
-4.081996327484585407e+00,-9.928697045921248687e-01,-4.751258384233392890e-03
-4.092014952253919091e+00,-9.928642659854867158e-01,-4.787686246632281636e-03
-4.102033730798390287e+00,-9.928586975035548212e-01,-4.823672227980762076e-03
-4.112052660445707275e+00,-9.928529992673837956e-01,-4.859216908535933521e-03
-4.122071738547286479e+00,-9.928471713956839029e-01,-4.894320860046467818e-03
-4.132090962477719565e+00,-9.928412140048098466e-01,-4.928984645730496821e-03
-4.142110329634246746e+00,-9.928351272087493351e-01,-4.963208820255383784e-03
-4.152129837436243420e+00,-9.928289111191131999e-01,-4.996993929719280650e-03
-4.162149483324713906e+00,-9.928225658451252933e-01,-5.030340511634381027e-03
-4.172169264761791396e+00,-9.928160914936134951e-01,-5.063249094911763046e-03
-4.182189179230253018e+00,-9.928094881690011642e-01,-5.095720199847745754e-03
-4.192209224233038434e+00,-9.928027559732988117e-01,-5.127754338111668864e-03
-4.202229397292775559e+00,-9.927958950060968846e-01,-5.159352012735016028e-03
-4.212249695951316930e+00,-9.927889053645583273e-01,-5.190513718101797541e-03
-4.222270117769284958e+00,-9.927817871434120311e-01,-5.221239939940130852e-03
-4.232290660325619847e+00,-9.927745404349465064e-01,-5.251531155314938248e-03
-4.242311321217139053e+00,-9.927671653290041087e-01,-5.281387832621694048e-03
-4.252332098058103860e+00,-9.927596619129754885e-01,-5.310810431581158841e-03
-4.262352988479785942e+00,-9.927520302717941503e-01,-5.339799403235042687e-03
-4.272373990130051702e+00,-9.927442704879322344e-01,-5.368355189942525252e-03
-4.282395100672942156e+00,-9.927363826413954095e-01,-5.396478225377591281e-03
-4.292416317788267932e+00,-9.927283668097189873e-01,-5.424168934527114593e-03
-4.302437639171203365e+00,-9.927202230679635919e-01,-5.451427733689642903e-03
-4.312459062531890375e+00,-9.927119514887120522e-01,-5.478255030474835779e-03
-4.322480585595047664e+00,-9.927035521420655151e-01,-5.504651223803506271e-03
-4.332502206099582587e+00,-9.926950250956401156e-01,-5.530616703908215921e-03
-4.342523921798215447e+00,-9.926863704145642009e-01,-5.556151852334391059e-03
-4.352545730457097584e+00,-9.926775881614756658e-01,-5.581257041941904869e-03
-4.362567629855447215e+00,-9.926686783965186223e-01,-5.605932636907094875e-03
-4.372589617785179072e+00,-9.926596411773417339e-01,-5.630178992725172471e-03
-4.382611692050547347e+00,-9.926504765590954404e-01,-5.653996456212995007e-03
-4.392633850467786871e+00,-9.926411845944295154e-01,-5.677385365512156203e-03
-4.402656090864762284e+00,-9.926317653334917335e-01,-5.700346050092367986e-03
-4.412678411080622531e+00,-9.926222188239253175e-01,-5.722878830755098213e-03
-4.422700808965452701e+00,-9.926125451108672726e-01,-5.744984019637442568e-03
-4.432723282379939178e+00,-9.926027442369467213e-01,-5.766661920216187287e-03
-4.442745829195032137e+00,-9.925928162422834600e-01,-5.787912827312044484e-03
-4.452768447291612475e+00,-9.925827611644859605e-01,-5.808737027094037532e-03
-4.462791134560167627e+00,-9.925725790386504821e-01,-5.829134797084000071e-03
-4.472813888900462054e+00,-9.925622698973590730e-01,-5.849106406161173020e-03
-4.482836708221217492e+00,-9.925518337706783489e-01,-5.868652114566875327e-03
-4.492859590439794992e+00,-9.925412706861584944e-01,-5.887772173909223278e-03
-4.502882533481881389e+00,-9.925305806688319299e-01,-5.906466827167881906e-03
-4.512905535281173997e+00,-9.925197637412116469e-01,-5.924736308698827676e-03
-4.522928593779071527e+00,-9.925088199232905417e-01,-5.942580844239103363e-03
-4.532951706924369439e+00,-9.924977492325397499e-01,-5.960000650911544302e-03
-4.542974872672954412e+00,-9.924865516839080914e-01,-5.976995937229467350e-03
-4.552998088987503245e+00,-9.924752272898202943e-01,-5.993566903101299123e-03
-4.563021353837181771e+00,-9.924637760601762171e-01,-6.009713739835131387e-03
-4.573044665197351755e+00,-9.924521980023497392e-01,-6.025436630143187096e-03
-4.583068021049271579e+00,-9.924404931211873171e-01,-6.040735748146191034e-03
-4.593091419379806695e+00,-9.924286614190068745e-01,-6.055611259377621618e-03
-4.603114858181137414e+00,-9.924167028955970249e-01,-6.070063320787838675e-03
-4.613138335450471139e+00,-9.924046175482155174e-01,-6.084092080748078508e-03
-4.623161849189752814e+00,-9.923924053715880156e-01,-6.097697679054299782e-03
-4.633185397405381600e+00,-9.923800663579070980e-01,-6.110880246930873276e-03
-4.643208978107923990e+00,-9.923676004968307041e-01,-6.123639907034104241e-03
-4.653232589311835810e+00,-9.923550077754811349e-01,-6.135976773455584753e-03
-4.663256229035175338e+00,-9.923422881784434990e-01,-6.147890951725364789e-03
-4.673279895299327968e+00,-9.923294416877646018e-01,-6.159382538814929878e-03
-4.683303586128722884e+00,-9.923164682829513916e-01,-6.170451623139992271e-03
-4.693327299550558607e+00,-9.923033679409692942e-01,-6.181098284563073079e-03
-4.703351033594524999e+00,-9.922901406362411025e-01,-6.191322594395884046e-03
-4.713374786292525265e+00,-9.922767863406454225e-01,-6.201124615401495954e-03
-4.723398555678404165e+00,-9.922633050235147856e-01,-6.210504401796297126e-03
-4.733422339787668243e+00,-9.922496966516344274e-01,-6.219461999251725548e-03
-4.743446136657215817e+00,-9.922359611892402897e-01,-6.227997444895791955e-03
-4.753469944325060759e+00,-9.922220985980176877e-01,-6.236110767314368732e-03
-4.763493760830060708e+00,-9.922081088370989788e-01,-6.243801986552261971e-03
-4.773517584211642628e+00,-9.921939918630623412e-01,-6.251071114114051079e-03
-4.783541412509530133e+00,-9.921797476299294427e-01,-6.257918152964708075e-03
-4.793565243763470818e+00,-9.921653760891638862e-01,-6.264343097529985298e-03
-4.803589076012962700e+00,-9.921508771896691004e-01,-6.270345933696579339e-03
-4.813612907296981547e+00,-9.921362508777862299e-01,-6.275926638812067727e-03
-4.823636735653709096e+00,-9.921214970972921376e-01,-6.281085181684626165e-03
-4.833660559120255051e+00,-9.921066157893971837e-01,-6.285821522582516786e-03
-4.843684375732387970e+00,-9.920916068927434495e-01,-6.290135613233366514e-03
-4.853708183524259034e+00,-9.920764703434019616e-01,-6.294027396823219898e-03
-4.863731980528126719e+00,-9.920612060748706940e-01,-6.297496807995389863e-03
-4.873755764774079680e+00,-9.920458140180724582e-01,-6.300543772849095947e-03
-4.883779534289762303e+00,-9.920302941013521281e-01,-6.303168208937896984e-03
-4.893803287100098487e+00,-9.920146462504746410e-01,-6.305370025267934692e-03
-4.903827021227010974e+00,-9.919988703886222225e-01,-6.307149122295981243e-03
-4.913850734689140687e+00,-9.919829664363920552e-01,-6.308505391927303821e-03
-4.923874425501569618e+00,-9.919669343117937244e-01,-6.309438717513350496e-03
-4.933898091675536612e+00,-9.919507739302469984e-01,-6.309948973849275645e-03
-4.943921731218156701e+00,-9.919344852045786087e-01,-6.310036027171294498e-03
-4.953945342132133334e+00,-9.919180680450202514e-01,-6.309699735153896302e-03
-4.963968922415474161e+00,-9.919015223592053676e-01,-6.308939946906911775e-03
-4.973992470061202376e+00,-9.918848480521671451e-01,-6.307756502972452183e-03
-4.984015983057066279e+00,-9.918680450263352988e-01,-6.306149235321733063e-03
-4.994039459385250623e+00,-9.918511131815338500e-01,-6.304117967351786922e-03
-5.004062897022079071e+00,-9.918340524149777959e-01,-6.301662513882086598e-03
-5.014086293937723759e+00,-9.918168626212710004e-01,-6.298782681151087956e-03
-5.024109648095902436e+00,-9.917995436924033070e-01,-6.295478266812709264e-03
-5.034132957453580914e+00,-9.917820955177476527e-01,-6.291749059932757668e-03
-5.044156219960670207e+00,-9.917645179840578473e-01,-6.287594840985325298e-03
-5.054179433559722767e+00,-9.917468109754652428e-01,-6.283015381849168905e-03
-5.064202596185621630e+00,-9.917289743734766239e-01,-6.278010445804090359e-03
-5.074225705765273098e+00,-9.917110080569713215e-01,-6.272579787527337095e-03
-5.084248760217292329e+00,-9.916929119021987704e-01,-6.266723153090048536e-03
-5.094271757451688032e+00,-9.916746857827757333e-01,-6.260440279953756286e-03
-5.104294695369540058e+00,-9.916563295696839697e-01,-6.253730896966973665e-03
-5.114317571862679657e+00,-9.916378431312680153e-01,-6.246594724361891060e-03
-5.124340384813364402e+00,-9.916192263332322954e-01,-6.239031473751198778e-03
-5.134363132093946014e+00,-9.916004790386393486e-01,-6.231040848125072099e-03
-5.144385811566538180e+00,-9.915816011079071624e-01,-6.222622541848335000e-03
-5.154408421082680825e+00,-9.915625923988071744e-01,-6.213776240657834654e-03
-5.164430958482997269e+00,-9.915434527664622744e-01,-6.204501621660060522e-03
-5.174453421596851399e+00,-9.915241820633451386e-01,-6.194798353329026251e-03
-5.184475808241998607e+00,-9.915047801392761206e-01,-6.184666095504462967e-03
-5.194498116224233186e+00,-9.914852468414213638e-01,-6.174104499390340416e-03
-5.204520343337026844e+00,-9.914655820142918019e-01,-6.163113207553765419e-03
-5.214542487361172540e+00,-9.914457854997414943e-01,-6.151691853924285379e-03
-5.224564546064413229e+00,-9.914258571369666262e-01,-6.139840063793636747e-03
-5.234586517201070599e+00,-9.914057967625041767e-01,-6.127557453815980076e-03
-5.244608398511669378e+00,-9.913856042102312527e-01,-6.114843632008665035e-03
-5.254630187722555412e+00,-9.913652793113645334e-01,-6.101698197753561807e-03
-5.264651882545505757e+00,-9.913448218944599377e-01,-6.088120741799015259e-03
-5.274673480677338766e+00,-9.913242317854122909e-01,-6.074110846262460901e-03
-5.284694979799513526e+00,-9.913035088074557688e-01,-6.059668084633752956e-03
-5.294716377577725730e+00,-9.912826527811638977e-01,-6.044792021779266111e-03
-5.304737671661495568e+00,-9.912616635244503316e-01,-6.029482213946809992e-03
-5.314758859683752057e+00,-9.912405408525701844e-01,-6.013738208771430942e-03
-5.324779939260411155e+00,-9.912192845781210293e-01,-5.997559545282140150e-03
-5.334800907989941443e+00,-9.911978945110446748e-01,-5.980945753909652253e-03
-5.344821763452932473e+00,-9.911763704586293855e-01,-5.963896356495178644e-03
-5.354842503211647120e+00,-9.911547122255119913e-01,-5.946410866300361371e-03
-5.364863124809570394e+00,-9.911329196136813291e-01,-5.928488788018398785e-03
-5.374883625770953799e+00,-9.911109924224809076e-01,-5.910129617786459219e-03
-5.384904003600345490e+00,-9.910889304486133478e-01,-5.891332843199438216e-03
-5.394924255782118649e+00,-9.910667334861441580e-01,-5.872097943325154702e-03
-5.404944379779986541e+00,-9.910444013265071739e-01,-5.852424388721062451e-03
-5.414964373036515788e+00,-9.910219337585092214e-01,-5.832311641452572228e-03
-5.424984232972623666e+00,-9.909993305683367781e-01,-5.811759155113061827e-03
-5.435003956987071838e+00,-9.909765915395621905e-01,-5.790766374845688486e-03
-5.445023542455946775e+00,-9.909537164531508902e-01,-5.769332737367091277e-03
-5.455042986732136612e+00,-9.909307050874697209e-01,-5.747457670993087568e-03
-5.465062287144792919e+00,-9.909075572182951541e-01,-5.725140595666484977e-03
-5.475081440998784466e+00,-9.908842726188230587e-01,-5.702380922987103362e-03
-5.485100445574141226e+00,-9.908608510596789154e-01,-5.679178056244147364e-03
-5.495119298125490381e+00,-9.908372923089285855e-01,-5.655531390451038788e-03
-5.505137995881474566e+00,-9.908135961320906349e-01,-5.631440312382841526e-03
-5.515156536044164781e+00,-9.907897622921492120e-01,-5.606904200616422140e-03
-5.525174915788461760e+00,-9.907657905495675932e-01,-5.581922425573481415e-03
-5.535193132261484017e+00,-9.907416806623037253e-01,-5.556494349566607795e-03
-5.545211182581945231e+00,-9.907174323858256582e-01,-5.530619326848505365e-03
-5.555229063839514758e+00,-9.906930454731288638e-01,-5.504296703664562050e-03
-5.565246773094171928e+00,-9.906685196747547772e-01,-5.477525818308926278e-03
-5.575264307375546124e+00,-9.906438547388103366e-01,-5.450306001184269077e-03
-5.585281663682236442e+00,-9.906190504109886330e-01,-5.422636574865417197e-03
-5.595298838981127787e+00,-9.905941064345913372e-01,-5.394516854167047230e-03
-5.605315830206683891e+00,-9.905690225505526803e-01,-5.365946146215652343e-03
-5.615332634260233213e+00,-9.905437984974646559e-01,-5.336923750525983737e-03
-5.625349248009234415e+00,-9.905184340116035546e-01,-5.307448959082191470e-03
-5.635365668286528518e+00,-9.904929288269588294e-01,-5.277521056423898835e-03
-5.645381891889573289e+00,-9.904672826752631831e-01,-5.247139319737453150e-03
-5.655397915579665202e+00,-9.904414952860250976e-01,-5.216303018952597563e-03
-5.665413736081142737e+00,-9.904155663865623627e-01,-5.185011416844841417e-03
-5.675429350080570146e+00,-9.903894957020384915e-01,-5.153263769143794602e-03
-5.685444754225906117e+00,-9.903632829555008010e-01,-5.121059324647770326e-03
-5.695459945125655565e+00,-9.903369278679210463e-01,-5.088397325344940804e-03
-5.705474919347997442e+00,-9.903104301582378310e-01,-5.055277006541384135e-03
-5.715489673419897443e+00,-9.902837895434019044e-01,-5.021697596996338962e-03
-5.725504203826202065e+00,-9.902570057384241231e-01,-4.987658319065026852e-03
-5.735518507008707800e+00,-9.902300784564257441e-01,-4.953158388849395431e-03
-5.745532579365212555e+00,-9.902030074086914935e-01,-4.918197016357177785e-03
-5.755546417248545765e+00,-9.901757923047257437e-01,-4.882773405669653226e-03
-5.765560016965572743e+00,-9.901484328523120215e-01,-4.846886755118538781e-03
-5.775573374776179492e+00,-9.901209287575755136e-01,-4.810536257472448549e-03
-5.785586486892235314e+00,-9.900932797250484585e-01,-4.773721100133371947e-03
-5.795599349476528772e+00,-9.900654854577398689e-01,-4.736440465343663524e-03
-5.805611958641677006e+00,-9.900375456572086952e-01,-4.698693530404036978e-03
-5.815624310449013734e+00,-9.900094600236405418e-01,-4.660479467903105508e-03
-5.825636400907448831e+00,-9.899812282559290466e-01,-4.621797445959002770e-03
-5.835648225972301262e+00,-9.899528500517609242e-01,-4.582646628473687270e-03
-5.845659781544102707e+00,-9.899243251077061156e-01,-4.543026175400517383e-03
-5.855671063467375426e+00,-9.898956531193117137e-01,-4.502935243025751010e-03
-5.865682067529380816e+00,-9.898668337812021045e-01,-4.462372984264628174e-03
-5.875692789458832443e+00,-9.898378667871829961e-01,-4.421338548972740014e-03
-5.885703224924584198e+00,-9.898087518303513299e-01,-4.379831084273424005e-03
-5.895713369534282933e+00,-9.897794886032110773e-01,-4.337849734901948716e-03
-5.905723218832989119e+00,-9.897500767977948088e-01,-4.295393643567306866e-03
-5.915732768301763755e+00,-9.897205161057910372e-01,-4.252461951332455435e-03
-5.925742013356219751e+00,-9.896908062186788868e-01,-4.209053798013901414e-03
-5.935750949345038663e+00,-9.896609468278685373e-01,-4.165168322601563861e-03
-5.945759571548447475e+00,-9.896309376248498824e-01,-4.120804663699896737e-03
-5.955767875176661619e+00,-9.896007783013480719e-01,-4.075961959991302938e-03
-5.965775855368285363e+00,-9.895704685494868258e-01,-4.030639350722912441e-03
-5.975783507188672239e+00,-9.895400080619602967e-01,-3.984835976217872971e-03
-5.985790825628246381e+00,-9.895093965322134810e-01,-3.938550978412343195e-03
-5.995797805600780350e+00,-9.894786336546315120e-01,-3.891783501419429636e-03
-6.005804441941625882e+00,-9.894477191247387227e-01,-3.844532692121402188e-03
-6.015810729405904667e+00,-9.894166526394072569e-01,-3.796797700791556054e-03
-6.025816662666649393e+00,-9.893854338970764495e-01,-3.748577681747182044e-03
-6.035822236312895051e+00,-9.893540625979833081e-01,-3.699871794035168755e-03
-6.045827444847726717e+00,-9.893225384444039872e-01,-3.650679202151844733e-03
-6.055832282686272272e+00,-9.892908611409074737e-01,-3.600999076798747176e-03
-6.065836744153641824e+00,-9.892590303946224850e-01,-3.550830595676092265e-03
-6.075840823482818287e+00,-9.892270459155165785e-01,-3.500172944315812790e-03
-6.085844514812492001e+00,-9.891949074166901390e-01,-3.449025316956129839e-03
-6.095847812184831405e+00,-9.891626146146845766e-01,-3.397386917459718075e-03
-6.105850709543207522e+00,-9.891301672298058456e-01,-3.345256960277643438e-03
-6.115853200729845618e+00,-9.890975649864641728e-01,-3.292634671461353111e-03
-6.125855279483425342e+00,-9.890648076135308830e-01,-3.239519289725129036e-03
-6.135856939436608926e+00,-9.890318948447122116e-01,-3.185910067561532888e-03
-6.145858174113511652e+00,-9.889988264189429890e-01,-3.131806272412514421e-03
-6.155858976927100379e+00,-9.889656020807987558e-01,-3.077207187898983471e-03
-6.165859341176524566e+00,-9.889322215809291938e-01,-3.022112115111804179e-03
-6.175859260044372689e+00,-9.888986846765129846e-01,-2.966520373967325257e-03
-6.185858726593864709e+00,-9.888649911317352048e-01,-2.910431304630724074e-03
-6.195857733765958386e+00,-9.888311407182889257e-01,-2.853844269010617947e-03
-6.205856274376386317e+00,-9.887971332159014581e-01,-2.796758652328583828e-03
-6.215854341112608594e+00,-9.887629684128873553e-01,-2.739173864767419260e-03
-6.225851926530690861e+00,-9.887286461067289478e-01,-2.681089343202189539e-03
-6.235849023052090878e+00,-9.886941661046859675e-01,-2.622504553018320268e-03
-6.245845622960364274e+00,-9.886595282244363680e-01,-2.563418990021224756e-03
-6.255841718397781470e+00,-9.886247322947483429e-01,-2.503832182442204245e-03
-6.265837301361853129e+00,-9.885897781561870934e-01,-2.443743693045616946e-03
-6.275832363701766781e+00,-9.885546656618569017e-01,-2.383153121342576879e-03
-6.285826897114720424e+00,-9.885193946781810626e-01,-2.322060105916742313e-03
-6.295820893142169083e+00,-9.884839650857205617e-01,-2.260464326868051078e-03
-6.305814343165963898e+00,-9.884483767800351650e-01,-2.198365508380587061e-03
-6.315807238404392621e+00,-9.884126296725874727e-01,-2.135763421421098696e-03
-6.325799569908115316e+00,-9.883767236916937149e-01,-2.072657886575055876e-03
-6.335791328555993474e+00,-9.883406587835219526e-01,-2.009048777027506831e-03
-6.345782505050810762e+00,-9.883044349131426820e-01,-1.944936021696405497e-03
-6.355773089914878327e+00,-9.882680520656317302e-01,-1.880319608526501629e-03
-6.365763073485530832e+00,-9.882315102472308821e-01,-1.815199587952336319e-03
-6.375752445910507049e+00,-9.881948094865669052e-01,-1.749576076539366074e-03
-6.385741197143206094e+00,-9.881579498359344127e-01,-1.683449260812737132e-03
-6.395729316937832643e+00,-9.881209313726445620e-01,-1.616819401283766007e-03
-6.405716794844409812e+00,-9.880837542004428098e-01,-1.549686836684745564e-03
-6.415703620203677460e+00,-9.880464184510004966e-01,-1.482051988423287734e-03
-6.425689782141854600e+00,-9.880089242854839249e-01,-1.413915365268045808e-03
-6.435675269565284573e+00,-9.879712718962049278e-01,-1.345277568278319558e-03
-6.445660071154944326e+00,-9.879334615083567028e-01,-1.276139295990747456e-03
-6.455644175360824910e+00,-9.878954933818411277e-01,-1.206501349877034694e-03
-6.465627570396179635e+00,-9.878573678131913338e-01,-1.136364640087440684e-03
-6.475610244231646995e+00,-9.878190851375943105e-01,-1.065730191495579569e-03
-6.485592184589231479e+00,-9.877806457310207566e-01,-9.945991500609559395e-04
-6.495573378936158271e+00,-9.877420500124656222e-01,-9.229727895265726857e-04
-6.505553814478597374e+00,-9.877032984463079979e-01,-8.508525184699202402e-04
-6.515533478155250968e+00,-9.876643915447944622e-01,-7.782398877266714834e-04
-6.525512356630819077e+00,-9.876253298706543227e-01,-7.051365982074804918e-04
-6.535490436289330241e+00,-9.875861140398531912e-01,-6.315445091294138091e-04
-6.545467703227354050e+00,-9.875467447244925534e-01,-5.574656466847303319e-04
-6.555444143247088462e+00,-9.875072226558633259e-01,-4.829022131709719283e-04
-6.565419741849333413e+00,-9.874675486276620617e-01,-4.078565966076386782e-04
-6.575394484226348979e+00,-9.874277234993784624e-01,-3.323313808660975036e-04
-6.585368355254614059e+00,-9.873877481998634131e-01,-2.563293563408108270e-04
-6.595341339487483800e+00,-9.873476237310879755e-01,-1.798535311914803154e-04
-6.605313421147759989e+00,-9.873073511721031092e-01,-1.029071431872750615e-04
-6.615284584120184164e+00,-9.872669316832110020e-01,-2.549367218595699960e-05
-6.625254811943861455e+00,-9.872263665103605534e-01,5.238314671757170226e-05
-6.635224087804637350e+00,-9.871856569897778932e-01,1.307193093369938251e-04
-6.645192394527432711e+00,-9.871448045528447013e-01,2.095105277964224167e-04
-6.655159714568568141e+00,-9.871038107312390952e-01,2.887522151483019818e-04
-6.665126030008080349e+00,-9.870626771623514095e-01,3.684394691653264083e-04
-6.675091322542075822e+00,-9.870214055949898535e-01,4.485670552623043658e-04
-6.685055573475128021e+00,-9.869799978953928132e-01,5.291293885018194011e-04
-6.695018763712759835e+00,-9.869384560535618967e-01,6.101205146354047324e-04
-6.704980873754039727e+00,-9.868967821899338189e-01,6.915340901297912677e-04
-6.714941883684335977e+00,-9.868549785624084469e-01,7.733633611256041400e-04
-6.724901773168257435e+00,-9.868130475737503238e-01,8.556011412736877313e-04
-6.734860521442839421e+00,-9.867709917793842100e-01,9.382397883920584516e-04
-6.744818107311023603e+00,-9.867288138956028520e-01,1.021271179884329031e-03
-6.754774509135490490e+00,-9.866865168082085136e-01,1.104686686858353303e-03
-6.764729704832903145e+00,-9.866441035816080340e-01,1.188477146881826863e-03
-6.774683671868644730e+00,-9.866015774683842832e-01,1.272632835309691745e-03
-6.784636387252120038e+00,-9.865589419193656617e-01,1.357143435116464018e-03
-6.794587827532711621e+00,-9.865162005942160750e-01,1.441998005165093071e-03
-6.804537968796490865e+00,-9.864733573725693594e-01,1.527184946842712315e-03
-6.814486786663787932e+00,-9.864304163657303670e-01,1.612691968992735524e-03
-6.824434256287738698e+00,-9.863873819289675771e-01,1.698506051072255817e-03
-6.834380352353941035e+00,-9.863442586744199936e-01,1.784613404463704931e-03
-6.844325049081365187e+00,-9.863010514846410892e-01,1.870999431870338679e-03
-6.854268320224669253e+00,-9.862577655268047749e-01,1.957648684726438510e-03
-6.864210139078099182e+00,-9.862144062675923806e-01,2.044544818555288791e-03
-6.874150478481158899e+00,-9.861709794887850711e-01,2.131670546211169616e-03
-6.884089310826257524e+00,-9.861274913035785739e-01,2.219007588945948271e-03
-6.894026608068558382e+00,-9.860839481736395351e-01,2.306536625246561212e-03
-6.903962341738280273e+00,-9.860403569269171609e-01,2.394237237396979693e-03
-6.913896482955708578e+00,-9.859967247762245757e-01,2.482087855727363110e-03
-6.923829002449215508e+00,-9.859530593385956720e-01,2.570065700524317657e-03
-6.933759870576599482e+00,-9.859093686554226688e-01,2.658146721589794981e-03
-6.943689057350087346e+00,-9.858656612133731567e-01,2.746305535452502316e-03
-6.953616532465353828e+00,-9.858219459660765294e-01,2.834515360255141815e-03
-6.963542265334973003e+00,-9.857782323565663640e-01,2.922747948363724202e-03
-6.973466225126700557e+00,-9.857345303404509984e-01,3.010973516772083147e-03
-6.983388380807056706e+00,-9.856908504097801060e-01,3.099160675405973012e-03
-6.993308701190679599e+00,-9.856472036175569773e-01,3.187276353467304642e-03
-7.003227154995964376e+00,-9.856036016028367763e-01,3.275285724000656911e-03
-7.013143710907523420e+00,-9.855600566163332799e-01,3.363152126911757474e-03
-7.023058337646035376e+00,-9.855165815464381751e-01,3.450836990721710493e-03
-7.032971004046066454e+00,-9.854731899455375643e-01,3.538299753401926307e-03
-7.042881679142491080e+00,-9.854298960564871201e-01,3.625497782703507137e-03
-7.052790332266126505e+00,-9.853867148390805797e-01,3.712386296471814357e-03
-7.062696933149230638e+00,-9.853436619963197307e-01,3.798918283522503738e-03
-7.072601452041515913e+00,-9.853007540002605147e-01,3.885044425749852297e-03
-7.082503859837314231e+00,-9.852580081171757875e-01,3.970713022241954653e-03
-7.092404128214537806e+00,-9.852154424317388637e-01,4.055869916290386588e-03
-7.102302229786026544e+00,-9.851730758698896695e-01,4.140458426304091492e-03
-7.112198138263852165e+00,-9.851309282200024775e-01,4.224419281768061231e-03
-7.122091828637090671e+00,-9.850890201519272305e-01,4.307690565526072456e-03
-7.131983277363465490e+00,-9.850473732334296129e-01,4.390207663812067083e-03
-7.141872462575198810e+00,-9.850060099435040684e-01,4.471903225604942876e-03
-7.151759364299245192e+00,-9.849649536819820028e-01,4.552707133034200430e-03
-7.161643964691934983e+00,-9.849242287748101177e-01,4.632546484715971760e-03
-7.171526248287858785e+00,-9.848838604743206382e-01,4.711345594046533782e-03
-7.181406202262581751e+00,-9.848438749537737902e-01,4.789026004618808854e-03
-7.191283816708524235e+00,-9.848042992954074704e-01,4.865506525050711586e-03
-7.201159084923018483e+00,-9.847651614711993018e-01,4.940703285616009424e-03
-7.211032003707206428e+00,-9.847264903155205085e-01,5.014529819140751965e-03
-7.220902573674051972e+00,-9.846883154888504963e-01,5.086897168662820636e-03
-7.230770799563316587e+00,-9.846506674317256902e-01,5.157714024339152097e-03
-7.240636690560862121e+00,-9.846135773081202691e-01,5.226886892014725138e-03
-7.250500260619183734e+00,-9.845770769375044029e-01,5.294320295728956009e-03
-7.260361528775528761e+00,-9.845411987148956490e-01,5.359917016218345744e-03
-7.270220519463472364e+00,-9.845059755183256378e-01,5.423578367169295915e-03
-7.280077262813274608e+00,-9.844714406032739618e-01,5.485204510573320202e-03
-7.289931794935899489e+00,-9.844376274837951524e-01,5.544694812031779677e-03
-7.299784158185087968e+00,-9.844045698002655831e-01,5.601948236244940968e-03
-7.309634401391555514e+00,-9.843723011739199391e-01,5.656863782200439658e-03
-7.319482580063072064e+00,-9.843408550486206776e-01,5.709340956753528214e-03
-7.329328756544071233e+00,-9.843102645206096568e-01,5.759280284375710782e-03
-7.339173000128389468e+00,-9.842805621573232910e-01,5.806583849855461756e-03
-7.349015387118956077e+00,-9.842517798066998669e-01,5.851155869687259085e-03
-7.358856000828590815e+00,-9.842239483987678117e-01,5.892903286812324441e-03
-7.368694931516666102e+00,-9.841970977416550914e-01,5.931736382311737776e-03
-7.378532276257187661e+00,-9.841712563144972004e-01,5.967569396641005455e-03
-7.388368138734868751e+00,-9.841464510600268500e-01,6.000321152079657328e-03
-7.398202628967022854e+00,-9.841227071798819281e-01,6.029915667297054693e-03
-7.408035862950503869e+00,-9.841000479358640307e-01,6.056282754352946933e-03
-7.417867962234510060e+00,-9.840784944604911155e-01,6.079358588101544010e-03
-7.427699053421743969e+00,-9.840580655802165788e-01,6.099086237887887431e-03
-7.437529267602165817e+00,-9.840387776546090093e-01,6.115416151642299666e-03
-7.447358739725269849e+00,-9.840206444346106807e-01,6.128306583007872045e-03
-7.457187607918482009e+00,-9.840036769427079610e-01,6.137723952977964213e-03
-7.467016012760721466e+00,-9.839878833774674538e-01,6.143643138660706896e-03
-7.476844096521469751e+00,-9.839732690444170649e-01,6.146047683194718649e-03
-7.486672002376645985e+00,-9.839598363147107341e-01,6.144929922469053764e-03
-7.496499873613250209e+00,-9.839475846124131619e-01,6.140291026092396451e-03
-7.506327852835068981e+00,-9.839365104306133647e-01,6.132140951943656181e-03
-7.516156081181622817e+00,-9.839266073759387332e-01,6.120498315544854392e-03
-7.525984697572158488e+00,-9.839178662404218789e-01,6.105390177352725857e-03
-7.535813837985659625e+00,-9.839102750990967872e-01,6.086851752796460478e-03
-7.545643634786813436e+00,-9.839038194311876540e-01,6.064926051431778972e-03
-7.555474216106510710e+00,-9.838984822623201287e-01,6.039663452883586338e-03
-7.565305705283940974e+00,-9.838942443248458458e-01,6.011121228272174946e-03
-7.575138220375687403e+00,-9.838910842331329842e-01,5.979363016538100442e-03
-7.584971873735545600e+00,-9.838889786705408147e-01,5.944458265490899784e-03
-7.594806771667065526e+00,-9.838879025847614423e-01,5.906481647514142015e-03
-7.604643014149233160e+00,-9.838878293882736825e-01,5.865512459684479527e-03
-7.614480694634184310e+00,-9.838887311607974473e-01,5.821634017636773996e-03
-7.624319899914522303e+00,-9.838905788508502948e-01,5.774933051870178614e-03
-7.634160710056685062e+00,-9.838933424737777989e-01,5.725499114385404140e-03
-7.644003198395845189e+00,-9.838969913039405935e-01,5.673424002617146779e-03
-7.653847431587154304e+00,-9.839014940590757874e-01,5.618801206623118445e-03
-7.663693469707608230e+00,-9.839068190751956156e-01,5.561725384454446579e-03
-7.673541366402520936e+00,-9.839129344707326918e-01,5.502291869599136055e-03
-7.683391169070482363e+00,-9.839198082989746297e-01,5.440596213392663583e-03
-7.693242919080709896e+00,-9.839274086881406589e-01,5.376733764353188241e-03
-7.703096652016872881e+00,-9.839357039687409712e-01,5.310799285542565883e-03
-7.712952397941770677e+00,-9.839446627881128782e-01,5.242886610291221626e-03
-7.722810181677606245e+00,-9.839542542122475810e-01,5.173088335962468948e-03
-7.732670023097017342e+00,-9.839644478152088647e-01,5.101495554872459773e-03
-7.742531937420515042e+00,-9.839752137565962453e-01,5.028197621024151250e-03
-7.752395935516454450e+00,-9.839865228476248893e-01,4.953281950952684136e-03
-7.762262024200149213e+00,-9.839983466064856632e-01,4.876833856708381876e-03
-7.772130206529229923e+00,-9.840106573037096238e-01,4.798936408813519669e-03
-7.782000482092808369e+00,-9.840234279983025578e-01,4.719670326910570257e-03
-7.791872847292425242e+00,-9.840366325654306134e-01,4.639113895762886006e-03
-7.801747295613182587e+00,-9.840502457164426175e-01,4.557342904263958668e-03
-7.811623817883795340e+00,-9.840642430119986850e-01,4.474430605149121512e-03
-7.821502402524652453e+00,-9.840786008690526332e-01,4.390447693175149671e-03
-7.831383035783229474e+00,-9.840932965624004103e-01,4.305462299630794486e-03
-7.841265701956475986e+00,-9.841083082214713285e-01,4.219540001157873199e-03
-7.851150383599989624e+00,-9.841236148229910441e-01,4.132743840992140864e-03
-7.861037061723983754e+00,-9.841391961801014832e-01,4.045134360870629962e-03
-7.870925715976190062e+00,-9.841550329284769472e-01,3.956769641993205730e-03
-7.880816324811986462e+00,-9.841711065099250089e-01,3.867705353567376693e-03
-7.890708865652095838e+00,-9.841873991539165090e-01,3.777994807604045501e-03
-7.900603315028321028e+00,-9.842038938574456663e-01,3.687689018765963247e-03
-7.910499648717806309e+00,-9.842205743635736859e-01,3.596836768198453157e-03
-7.920397841866362754e+00,-9.842374251389752748e-01,3.505484670392532837e-03
-7.930297869101434749e+00,-9.842544313507645137e-01,3.413677242243129580e-03
-7.940199704635277911e+00,-9.842715788428446633e-01,3.321456973569283759e-03
-7.950103322358935465e+00,-9.842888541119942936e-01,3.228864398458972541e-03
-7.960008695927599298e+00,-9.843062442838720338e-01,3.135938166888503457e-03
-7.969915798837916121e+00,-9.843237370890963733e-01,3.042715116145557671e-03
-7.979824604497805396e+00,-9.843413208395329628e-01,2.949230341656268115e-03
-7.989735086289321053e+00,-9.843589844049019932e-01,2.855517266880570719e-03
-7.999647217625066808e+00,-9.843767171897960244e-01,2.761607711996976692e-03
-8.009560971998670453e+00,-9.843945091111858670e-01,2.667531961148339199e-03
-8.019476323029772757e+00,-9.844123505764740267e-01,2.573318828064665234e-03
-8.029393244503969740e+00,-9.844302324621441169e-01,2.478995719918029167e-03
-8.039311710408137301e+00,-9.844481460930424310e-01,2.384588699298703998e-03
-8.049231694961507699e+00,-9.844660832223188773e-01,2.290122544231177823e-03
-8.059153172642879781e+00,-9.844840360120448164e-01,2.195620806174246407e-03
-8.069076118214294269e+00,-9.845019970145186816e-01,2.101105865971271934e-03
-8.079000506741483179e+00,-9.845199591542653783e-01,2.006598987735375757e-03
-8.088926313611397134e+00,-9.845379157107265744e-01,1.912120370670135220e-03
-8.098853514547068144e+00,-9.845558603016393295e-01,1.817689198839644990e-03
-8.108782085620076074e+00,-9.845737868670931814e-01,1.723323688912839881e-03
-8.118712003260823096e+00,-9.845916896542535879e-01,1.629041135916077998e-03
-8.128643244266859469e+00,-9.846095632027398459e-01,1.534857957035362999e-03
-8.138575785809416985e+00,-9.846274023306382794e-01,1.440789733515486460e-03
-8.148509605438372105e+00,-9.846452021211364869e-01,1.346851250707977636e-03
-8.158444681085764927e+00,-9.846629579097573304e-01,1.253056536323246452e-03
-8.168380991068042718e+00,-9.846806652721744602e-01,1.159418896944856879e-03
-8.178318514087161262e+00,-9.846983200125896118e-01,1.065950952865585668e-03
-8.188257229230671896e+00,-9.847159181526500271e-01,9.726646713059656059e-04
-8.198197115970897286e+00,-9.847334559208866800e-01,8.795713980764577550e-04
-8.208138154163304279e+00,-9.847509297426518815e-01,7.866818877443565537e-04
-8.218080324044187535e+00,-9.847683362305366117e-01,6.940063323660791532e-04
-8.228023606227706566e+00,-9.847856721752473730e-01,6.015543888447052621e-04
-8.237967981702398745e+00,-9.848029345369224696e-01,5.093352049715660617e-04
-8.247913431827209152e+00,-9.848201204368682848e-01,4.173574442093997143e-04
-8.257859938327115401e+00,-9.848372271496980135e-01,3.256293092731285055e-04
-8.267807483288391879e+00,-9.848542520958535329e-01,2.341585645627208628e-04
-8.277756049153586204e+00,-9.848711928344923150e-01,1.429525575009036871e-04
-8.287705618716229239e+00,-9.848880470567239476e-01,5.201823882672584063e-05
-8.297656175115340815e+00,-9.849048125791778352e-01,-3.863781810584180205e-05
-8.307607701829757829e+00,-9.849214873378884239e-01,-1.290093989769229219e-04
-8.317560182672325553e+00,-9.849380693824802968e-01,-2.190906310518717732e-04
-8.327513601783982367e+00,-9.849545568706409293e-01,-3.088759665908733811e-04
-8.337467943627753897e+00,-9.849709480628651148e-01,-3.983601670751779123e-04
-8.347423192982695639e+00,-9.849872413174589614e-01,-4.875382882099366360e-04
-8.357379334937803605e+00,-9.850034350857903576e-01,-5.764056656653676570e-04
-8.367336354885898331e+00,-9.850195279077729182e-01,-6.649579015197004542e-04
-8.377294238517517755e+00,-9.850355184075734183e-01,-7.531908513690200322e-04
-8.387252971814822544e+00,-9.850514052895296135e-01,-8.411006120707553062e-04
-8.397212541045535161e+00,-9.850671873342695672e-01,-9.286835100891238518e-04
-8.407172932756914463e+00,-9.850828633950214908e-01,-1.015936090412361678e-03
-8.417134133769781812e+00,-9.850984323941042176e-01,-1.102855106013021953e-03
-8.427096131172614690e+00,-9.851138933195905389e-01,-1.189437507824030226e-03
-8.437058912315702486e+00,-9.851292452221327434e-01,-1.275680435204527754e-03
-8.447022464805373332e+00,-9.851444872119445861e-01,-1.361581206870820984e-03
-8.456986776498315095e+00,-9.851596184559292535e-01,-1.447137312268989996e-03
-8.466951835495967416e+00,-9.851746381749478809e-01,-1.532346403366886952e-03
-8.476917630139009674e+00,-9.851895456412207430e-01,-1.617206286844377616e-03
-8.486884149001944877e+00,-9.852043401758538987e-01,-1.701714916661753669e-03
-8.496851380887774141e+00,-9.852190211464866287e-01,-1.785870386987265315e-03
-8.506819314822768874e+00,-9.852335879650513384e-01,-1.869670925465698359e-03
-8.516787940051344208e+00,-9.852480400856421516e-01,-1.953114886810842577e-03
-8.526757246031037241e+00,-9.852623770024859784e-01,-2.036200746705582945e-03
-8.536727222427579420e+00,-9.852765982480102824e-01,-2.118927095994178368e-03
-8.546697859110071960e+00,-9.852907033910045520e-01,-2.201292635152094640e-03
-8.556669146146267835e+00,-9.853046920348681459e-01,-2.283296169019504319e-03
-8.566641073797955030e+00,-9.853185638159426274e-01,-2.364936601785291078e-03
-8.576613632516432162e+00,-9.853323184019231462e-01,-2.446212932209071347e-03
-8.586586812938101332e+00,-9.853459554903448714e-01,-2.527124249069396134e-03
-8.596560605880144479e+00,-9.853594748071412557e-01,-2.607669726826899841e-03
-8.606535002336302753e+00,-9.853728761052705787e-01,-2.687848621491752219e-03
-8.616509993472767803e+00,-9.853861591634065498e-01,-2.767660266685312634e-03
-8.626485570624149446e+00,-9.853993237846907505e-01,-2.847104069886412236e-03
-8.636461725289548141e+00,-9.854123697955436967e-01,-2.926179508853176282e-03
-8.646438449128723391e+00,-9.854252970445309678e-01,-3.004886128211775413e-03
-8.656415733958350955e+00,-9.854381054012829599e-01,-3.083223536203932337e-03
-8.666393571748370661e+00,-9.854507947554639324e-01,-3.161191401585429234e-03
-8.676371954618426585e+00,-9.854633650157897939e-01,-3.238789450668264590e-03
-8.686350874834383617e+00,-9.854758161090906299e-01,-3.316017464499480209e-03
-8.696330324804947054e+00,-9.854881479794171950e-01,-3.392875276170034381e-03
-8.706310297078351468e+00,-9.855003605871879291e-01,-3.469362768247444533e-03
-8.716290784339140174e+00,-9.855124539083758295e-01,-3.545479870326228439e-03
-8.726271779405019302e+00,-9.855244279337318503e-01,-3.621226556690487937e-03
-8.736253275223790027e+00,-9.855362826680448274e-01,-3.696602844083262274e-03
-8.746235264870369619e+00,-9.855480181294342668e-01,-3.771608789577547954e-03
-8.756217741543867561e+00,-9.855596343486759947e-01,-3.846244488544141738e-03
-8.766200698564752258e+00,-9.855711313685582287e-01,-3.920510072711708496e-03
-8.776184129372079923e+00,-9.855825092432666246e-01,-3.994405708314703249e-03
-8.786168027520799839e+00,-9.855937680377980792e-01,-4.067931594325000129e-03
-8.796152386679118251e+00,-9.856049078273996233e-01,-4.141087960763281325e-03
-8.806137200625935080e+00,-9.856159286970339606e-01,-4.213875067086447247e-03
-8.816122463248349916e+00,-9.856268307408683205e-01,-4.286293200647483918e-03
-8.826108168539219534e+00,-9.856376140617867376e-01,-4.358342675224401858e-03
-8.836094310594786450e+00,-9.856482787709236471e-01,-4.430023829615036338e-03
-8.846080883612367884e+00,-9.856588249872187957e-01,-4.501337026294651572e-03
-8.856067881888089133e+00,-9.856692528369923600e-01,-4.572282650133437099e-03
-8.866055299814695090e+00,-9.856795624535379385e-01,-4.642861107171135544e-03
-8.876043131879400860e+00,-9.856897539767351946e-01,-4.713072823446174536e-03
-8.886031372661802763e+00,-9.856998275526783759e-01,-4.782918243876796947e-03
-8.896020016831840849e+00,-9.857097833333220427e-01,-4.852397831191811173e-03
-8.906009059147814710e+00,-9.857196214761426711e-01,-4.921512064908703694e-03
-8.915998494454445478e+00,-9.857293421438150238e-01,-4.990261440356947263e-03
-8.925988317680983997e+00,-9.857389455039025083e-01,-5.058646467744467266e-03
-8.935978523839381182e+00,-9.857484317285618580e-01,-5.126667671265302574e-03
-8.945969108022479688e+00,-9.857578009942605801e-01,-5.194325588246605577e-03
-8.955960065402274850e+00,-9.857670534815067276e-01,-5.261620768333214598e-03
-8.965951391228204059e+00,-9.857761893745909942e-01,-5.328553772708110800e-03
-8.975943080825482312e+00,-9.857852088613398012e-01,-5.395125173347147148e-03
-8.985935129593478621e+00,-9.857941121328797074e-01,-5.461335552306531560e-03
-8.995927533004135057e+00,-9.858028993834117015e-01,-5.527185501041594930e-03
-9.005920286600421321e+00,-9.858115708099954855e-01,-5.592675619755460570e-03
-9.015913385994830165e+00,-9.858201266123436390e-01,-5.657806516776288895e-03
-9.025906826867908350e+00,-9.858285669926248884e-01,-5.722578807961835323e-03
-9.035900604966821348e+00,-9.858368921552751463e-01,-5.786993116130120102e-03
-9.045894716103957123e+00,-9.858451023068180996e-01,-5.851050070515055601e-03
-9.055889156155561892e+00,-9.858531976556926812e-01,-5.914750306245943404e-03
-9.065883921060409634e+00,-9.858611784120886457e-01,-5.978094463849794281e-03
-9.075879006818501793e+00,-9.858690447877894725e-01,-6.041083188775473595e-03
-9.085874409489802517e+00,-9.858767969960215982e-01,-6.103717130938725831e-03
-9.095870125192996980e+00,-9.858844352513109754e-01,-6.165996944287163196e-03
-9.105866150104285239e+00,-9.858919597693457382e-01,-6.227923286384364800e-03
-9.115862480456206285e+00,-9.858993707668445294e-01,-6.289496818012247671e-03
-9.125859112536488738e+00,-9.859066684614312681e-01,-6.350718202790929003e-03
-9.135856042686921086e+00,-9.859138530715148008e-01,-6.411588106815322395e-03
-9.145853267302262779e+00,-9.859209248161747707e-01,-6.472107198307752544e-03
-9.155850782829165979e+00,-9.859278839150514839e-01,-6.532276147285894473e-03
-9.165848585765136392e+00,-9.859347305882415480e-01,-6.592095625245389390e-03
-9.175846672657508307e+00,-9.859414650561975080e-01,-6.651566304856504873e-03
-9.185845040102451620e+00,-9.859480875396324784e-01,-6.710688859674242626e-03
-9.195843684743989499e+00,-9.859545982594287716e-01,-6.769463963861317018e-03
-9.205842603273058700e+00,-9.859609974365503016e-01,-6.827892291923465772e-03
-9.215841792426569867e+00,-9.859672852919597608e-01,-6.885974518456559369e-03
-9.225841248986503373e+00,-9.859734620465386845e-01,-6.943711317905019130e-03
-9.235840969779024690e+00,-9.859795279210115115e-01,-7.001103364331057351e-03
-9.245840951673613972e+00,-9.859854831358728644e-01,-7.058151331194290230e-03
-9.255841191582220517e+00,-9.859913279113184936e-01,-7.114855891141277748e-03
-9.265841686458434978e+00,-9.859970624671791084e-01,-7.171217715804576766e-03
-9.275842433296679346e+00,-9.860026870228570939e-01,-7.227237475610915306e-03
-9.285843429131412918e+00,-9.860082017972664481e-01,-7.282915839598084681e-03
-9.295844671036368467e+00,-9.860136070087750504e-01,-7.338253475240206006e-03
-9.305846156123788404e+00,-9.860189028751503715e-01,-7.393251048281007654e-03
-9.315847881543685816e+00,-9.860240896135065158e-01,-7.447909222574776271e-03
-9.325849844483128592e+00,-9.860291674402550388e-01,-7.502228659934669953e-03
-9.335852042165521780e+00,-9.860341365710570960e-01,-7.556210019988080472e-03
-9.345854471849929013e+00,-9.860389972207782572e-01,-7.609853960038746173e-03
-9.355857130830386836e+00,-9.860437496034453186e-01,-7.663161134935345814e-03
-9.365860016435249236e+00,-9.860483939322054470e-01,-7.716132196946288817e-03
-9.375863126026535710e+00,-9.860529304192867661e-01,-7.768767795640454769e-03
-9.385866456999307772e+00,-9.860573592759613870e-01,-7.821068577773628017e-03
-9.395870006781040118e+00,-9.860616807125101024e-01,-7.873035187180393163e-03
-9.405873772831016666e+00,-9.860658949381881921e-01,-7.924668264671265103e-03
-9.415877752639744358e+00,-9.860700021611937816e-01,-7.975968447934828065e-03
-9.425881943728365187e+00,-9.860740025886376436e-01,-8.026936371444691118e-03
-9.435886343648094865e+00,-9.860778964265138891e-01,-8.077572666371039822e-03
-9.445890949979663276e+00,-9.860816838796723216e-01,-8.127877960496607962e-03
-9.455895760332770905e+00,-9.860853651517931251e-01,-8.177852878136881998e-03
-9.465900772345555936e+00,-9.860889404453615503e-01,-8.227498040064354368e-03
-9.475905983684075551e+00,-9.860924099616444893e-01,-8.276814063436660832e-03
-9.485911392041790791e+00,-9.860957739006686040e-01,-8.325801561728457881e-03
-9.495916995139072725e+00,-9.860990324611990099e-01,-8.374461144666844187e-03
-9.505922790722708626e+00,-9.861021858407196250e-01,-8.422793418170223742e-03
-9.515928776565418801e+00,-9.861052342354141853e-01,-8.470798984290433750e-03
-9.525934950465394735e+00,-9.861081778401483700e-01,-8.518478441158010631e-03
-9.535941310245833691e+00,-9.861110168484533700e-01,-8.565832382930469238e-03
-9.545947853754489287e+00,-9.861137514525095682e-01,-8.612861399743466928e-03
-9.555954578863229187e+00,-9.861163818431322170e-01,-8.659566077664717157e-03
-9.565961483467605220e+00,-9.861189082097567837e-01,-8.705946998650562416e-03
-9.575968565486423500e+00,-9.861213307404261830e-01,-8.752004740505064245e-03
-9.585975822861335871e+00,-9.861236496217780090e-01,-8.797739876841537479e-03
-9.595983253556422454e+00,-9.861258650390333225e-01,-8.843152977046391666e-03
-9.605990855557804409e+00,-9.861279771759851043e-01,-8.888244606245208554e-03
-9.615998626873240696e+00,-9.861299862149887074e-01,-8.933015325270942872e-03
-9.626006565531753267e+00,-9.861318923369517542e-01,-8.977465690634168355e-03
-9.636014669583245151e+00,-9.861336957213256982e-01,-9.021596254495277065e-03
-9.646022937098132743e+00,-9.861353965460970539e-01,-9.065407564638534865e-03
-9.656031366166983432e+00,-9.861369949877802910e-01,-9.108900164447944481e-03
-9.666039954900165654e+00,-9.861384912214102849e-01,-9.152074592884805113e-03
-9.676048701427491849e+00,-9.861398854205356557e-01,-9.194931384466916574e-03
-9.686057603897882728e+00,-9.861411777572128834e-01,-9.237471069249341207e-03
-9.696066660479027988e+00,-9.861423684020007574e-01,-9.279694172806673275e-03
-9.706075869357066566e+00,-9.861434575239551581e-01,-9.321601216216730823e-03
-9.716085228736250912e+00,-9.861444452906242830e-01,-9.363192716045624919e-03
-9.726094736838639676e+00,-9.861453318680445390e-01,-9.404469184334128193e-03
-9.736104391903785071e+00,-9.861461174207368785e-01,-9.445431128585299319e-03
-9.746114192188427339e+00,-9.861468021117031357e-01,-9.486079051753295785e-03
-9.756124135966192767e+00,-9.861473861024226961e-01,-9.526413452233329845e-03
-9.766134221527302373e+00,-9.861478695528503868e-01,-9.566434823852713876e-03
-9.776144447178285901e+00,-9.861482526214135902e-01,-9.606143655862941361e-03
-9.786154811241692286e+00,-9.861485354650106894e-01,-9.645540432932758410e-03
-9.796165312055817864e+00,-9.861487182390089590e-01,-9.684625635142182429e-03
-9.806175947974427487e+00,-9.861488010972431217e-01,-9.723399737977421117e-03
-9.816186717366489844e+00,-9.861487841920143493e-01,-9.761863212326644945e-03
-9.826197618615914564e+00,-9.861486676740894852e-01,-9.800016524476590565e-03
-9.836208650121289310e+00,-9.861484516927000454e-01,-9.837860136109920564e-03
-9.846219810295625763e+00,-9.861481363955419965e-01,-9.875394504303348225e-03
-9.856231097566114485e+00,-9.861477219287757556e-01,-9.912620081526452714e-03
-9.866242510373874453e+00,-9.861472084370261904e-01,-9.949537315641163865e-03
-9.876254047173715023e+00,-9.861465960633825079e-01,-9.986146649901892283e-03
-9.886265706433896128e+00,-9.861458849493992540e-01,-1.002244852295625273e-02
-9.896277486635895571e+00,-9.861450752350965354e-01,-1.005844336884637209e-02
-9.906289386274181652e+00,-9.861441670589611297e-01,-1.009413161701073168e-02
-9.916301403855982244e+00,-9.861431605579472626e-01,-1.012951369228652990e-02
-9.926313537901071626e+00,-9.861420558674780512e-01,-1.016459001491252720e-02
-9.936325786941544891e+00,-9.861408531214463924e-01,-1.019936100053236289e-02
-9.946338149521610106e+00,-9.861395524522167388e-01,-1.023382706019829690e-02
-9.956350624197369825e+00,-9.861381539906263205e-01,-1.026798860037536620e-02
-9.966363209536622136e+00,-9.861366578659874760e-01,-1.030184602294592980e-02
